-123.5799999999997 39.37999999999994 -28.913429643150767 -42.404651546390035 0 0 0
-123.5799999999997 39.37999999999994 28.913429643150767 42.404651546390035 0 0 0
-123.09999999999962 39.37999999999994 -17.092345222803367 -57.6125321053664 0 0 0
-123.09999999999962 39.37999999999994 17.092345222803367 57.6125321053664 0 0 0
-122.61999999999955 39.37999999999994 10.438864661080375 -55.92827883180946 0 0 0
-122.61999999999955 39.37999999999994 -10.438864661080375 55.92827883180946 0 0 0
-122.13999999999947 39.37999999999994 -178.49821495626784 -90.21301046648423 0 0 0
-122.13999999999947 39.37999999999994 178.49821495626784 90.21301046648423 0 0 0
-124.05999999999977 39.85999999999993 -90.40282649842845 -142.3821900333451 0 0 0
-124.05999999999977 39.85999999999993 90.40282649842845 142.3821900333451 0 0 0
-123.5799999999997 39.85999999999993 8.923664355844174 -147.37095115435494 0 0 0
-123.5799999999997 39.85999999999993 -8.923664355844174 147.37095115435494 0 0 0
-123.09999999999962 39.85999999999993 16.86168910055862 -17.394296213327035 0 0 0
-123.09999999999962 39.85999999999993 -16.86168910055862 17.394296213327035 0 0 0
-122.61999999999955 39.85999999999993 18.0024747487076 1.882541795910829 0 0 0
-122.61999999999955 39.85999999999993 -18.0024747487076 -1.882541795910829 0 0 0
-122.13999999999947 39.85999999999993 16.62641743322104 -8.241277685417119 0 0 0
-122.13999999999947 39.85999999999993 -16.62641743322104 8.241277685417119 0 0 0
-121.6599999999994 39.85999999999993 4.693389178123494 -4.140666924677334 0 0 0
-121.6599999999994 39.85999999999993 -4.693389178123494 4.140666924677334 0 0 0
-121.17999999999932 39.85999999999993 12.128426365672897 -31.444185067238365 0 0 0
-121.17999999999932 39.85999999999993 -12.128426365672897 31.444185067238365 0 0 0
-120.69999999999925 39.85999999999993 9.442440101541852 -33.27653143980049 0 0 0
-120.69999999999925 39.85999999999993 -9.442440101541852 33.27653143980049 0 0 0
-124.05999999999977 40.33999999999992 -100.25711124710264 173.0563828478629 0 0 0
-124.05999999999977 40.33999999999992 100.25711124710264 -173.0563828478629 0 0 0
-123.5799999999997 40.33999999999992 17.724482046066317 -104.02503848361553 0 0 0
-123.5799999999997 40.33999999999992 -17.724482046066317 104.02503848361553 0 0 0
-123.09999999999962 40.33999999999992 -6.0495796645946855 -2.062605727053871 0 0 0
-123.09999999999962 40.33999999999992 6.0495796645946855 2.062605727053871 0 0 0
-123.09999999999962 40.33999999999992 16.17655999193104 -47.445513743464 0 0 0
-123.09999999999962 40.33999999999992 -16.17655999193104 47.445513743464 0 0 0
-122.61999999999955 40.33999999999992 16.446124149344378 7.390646564844996 0 0 0
-122.61999999999955 40.33999999999992 -16.446124149344378 -7.390646564844996 0 0 0
-122.13999999999947 40.33999999999992 86.39017039902264 2.9985963389159553 0 0 0
-122.13999999999947 40.33999999999992 -86.39017039902264 -2.9985963389159553 0 0 0
-122.13999999999947 40.33999999999992 -0.8741604134113534 25.1847393030528 0 0 0
-122.13999999999947 40.33999999999992 0.8741604134113534 -25.1847393030528 0 0 0
-121.6599999999994 40.33999999999992 3.9129120150918433 -29.526800588366036 0 0 0
-121.6599999999994 40.33999999999992 -3.9129120150918433 29.526800588366036 0 0 0
-121.17999999999932 40.33999999999992 -0.7666129839814817 -33.376042739051414 0 0 0
-121.17999999999932 40.33999999999992 0.7666129839814817 33.376042739051414 0 0 0
-120.69999999999925 40.33999999999992 2.377233618593524 -12.564105497282052 0 0 0
-120.69999999999925 40.33999999999992 -2.377233618593524 12.564105497282052 0 0 0
-124.05999999999977 40.81999999999991 -89.96805184893579 -130.49430201997785 0 0 0
-124.05999999999977 40.81999999999991 89.96805184893579 130.49430201997785 0 0 0
-123.5799999999997 40.81999999999991 8.27713235796871 -6.158461538819463 0 0 0
-123.5799999999997 40.81999999999991 -8.27713235796871 6.158461538819463 0 0 0
-123.09999999999962 40.81999999999991 132.4261373883711 37.4261474746487 0 0 0
-123.09999999999962 40.81999999999991 -132.4261373883711 -37.4261474746487 0 0 0
-123.09999999999962 40.81999999999991 -9.127341492207027 32.29556499921138 0 0 0
-123.09999999999962 40.81999999999991 9.127341492207027 -32.29556499921138 0 0 0
-122.61999999999955 40.81999999999991 28.481834456856923 -115.48788375129406 0 0 0
-122.61999999999955 40.81999999999991 -28.481834456856923 115.48788375129406 0 0 0
-122.13999999999947 40.81999999999991 98.38926403605916 23.855935942151895 0 0 0
-122.13999999999947 40.81999999999991 -98.38926403605916 -23.855935942151895 0 0 0
-122.13999999999947 40.81999999999991 -6.556427782469283 27.040737608743566 0 0 0
-122.13999999999947 40.81999999999991 6.556427782469283 -27.040737608743566 0 0 0
-121.6599999999994 40.81999999999991 -26.912598807073984 -41.22618968575547 0 0 0
-121.6599999999994 40.81999999999991 26.912598807073984 41.22618968575547 0 0 0
-121.17999999999932 40.81999999999991 5.792749179538367 -4.273011596847474 0 0 0
-121.17999999999932 40.81999999999991 -5.792749179538367 4.273011596847474 0 0 0
-120.69999999999925 40.81999999999991 0.9011454387259457 -1.242978038689 0 0 0
-120.69999999999925 40.81999999999991 -0.9011454387259457 1.242978038689 0 0 0
-124.05999999999977 41.2999999999999 -39.11566956292887 -75.02718575137702 0 0 0
-124.05999999999977 41.2999999999999 39.11566956292887 75.02718575137702 0 0 0
-123.5799999999997 41.2999999999999 43.70851333166393 23.755441284696474 0 0 0
-123.5799999999997 41.2999999999999 -43.70851333166393 -23.755441284696474 0 0 0
-123.09999999999962 41.2999999999999 -16.04612406033222 -23.178900782839804 0 0 0
-123.09999999999962 41.2999999999999 16.04612406033222 23.178900782839804 0 0 0
-122.61999999999955 41.2999999999999 -1.865660672078051 0.4514812706711275 0 0 0
-122.61999999999955 41.2999999999999 1.865660672078051 -0.4514812706711275 0 0 0
-122.61999999999955 41.2999999999999 -4.258904334141661 -17.59911393564479 0 0 0
-122.61999999999955 41.2999999999999 4.258904334141661 17.59911393564479 0 0 0
-122.13999999999947 41.2999999999999 40.962012479909184 -0.8360086958070121 0 0 0
-122.13999999999947 41.2999999999999 -40.962012479909184 0.8360086958070121 0 0 0
-121.6599999999994 41.2999999999999 12.881165882927322 -13.56931665453969 0 0 0
-121.6599999999994 41.2999999999999 -12.881165882927322 13.56931665453969 0 0 0
-121.17999999999932 41.2999999999999 2.521635405449719 -4.516926376350389 0 0 0
-121.17999999999932 41.2999999999999 -2.521635405449719 4.516926376350389 0 0 0
-120.69999999999925 41.2999999999999 0.8425722735178974 -28.54664950261267 0 0 0
-120.69999999999925 41.2999999999999 -0.8425722735178974 28.54664950261267 0 0 0
-124.05999999999977 41.77999999999989 1.9910913747466095 -6.013373586218144 0 0 0
-124.05999999999977 41.77999999999989 -1.9910913747466095 6.013373586218144 0 0 0
-123.5799999999997 41.77999999999989 55.73451431002213 14.913758754691115 0 0 0
-123.5799999999997 41.77999999999989 -55.73451431002213 -14.913758754691115 0 0 0
-123.5799999999997 41.77999999999989 -1.3266221898930108 4.957747047056635 0 0 0
-123.5799999999997 41.77999999999989 1.3266221898930108 -4.957747047056635 0 0 0
-123.09999999999962 41.77999999999989 28.720886460865756 3.3983625679502496 0 0 0
-123.09999999999962 41.77999999999989 -28.720886460865756 -3.3983625679502496 0 0 0
-122.61999999999955 41.77999999999989 30.631173169844182 8.520173410141672 0 0 0
-122.61999999999955 41.77999999999989 -30.631173169844182 -8.520173410141672 0 0 0
-122.13999999999947 41.77999999999989 22.24726028513062 -28.136319696926225 0 0 0
-122.13999999999947 41.77999999999989 -22.24726028513062 28.136319696926225 0 0 0
-121.6599999999994 41.77999999999989 12.868862378300895 -6.515237002686044 0 0 0
-121.6599999999994 41.77999999999989 -12.868862378300895 6.515237002686044 0 0 0
-121.6599999999994 41.77999999999989 1.9377911465212496 3.827515034708789 0 0 0
-121.6599999999994 41.77999999999989 -1.9377911465212496 -3.827515034708789 0 0 0
-121.17999999999932 41.77999999999989 3.7596090386510634 -6.5896798698348915 0 0 0
-121.17999999999932 41.77999999999989 -3.7596090386510634 6.5896798698348915 0 0 0
-120.69999999999925 41.77999999999989 6.104200419554797 -5.990863090054074 0 0 0
-120.69999999999925 41.77999999999989 -6.104200419554797 5.990863090054074 0 0 0
-124.53999999999985 42.25999999999988 -130.88719516251817 151.22348409717608 0 0 0
-124.53999999999985 42.25999999999988 130.88719516251817 -151.22348409717608 0 0 0
-124.05999999999977 42.25999999999988 25.038246268946413 -4.680132712433992 0 0 0
-124.05999999999977 42.25999999999988 -25.038246268946413 4.680132712433992 0 0 0
-123.5799999999997 42.25999999999988 42.33790089354715 -11.976370861891342 0 0 0
-123.5799999999997 42.25999999999988 -42.33790089354715 11.976370861891342 0 0 0
-122.61999999999955 42.25999999999988 -33.500781541958375 -53.53293238404424 0 0 0
-122.61999999999955 42.25999999999988 33.500781541958375 53.53293238404424 0 0 0
-122.13999999999947 42.25999999999988 40.713562042097585 16.122604766496654 0 0 0
-122.13999999999947 42.25999999999988 -40.713562042097585 -16.122604766496654 0 0 0
-122.13999999999947 42.25999999999988 -1.5444176582611495 3.9000363191430854 0 0 0
-122.13999999999947 42.25999999999988 1.5444176582611495 -3.9000363191430854 0 0 0
-121.6599999999994 42.25999999999988 13.37026380158852 -9.775611099399617 0 0 0
-121.6599999999994 42.25999999999988 -13.37026380158852 9.775611099399617 0 0 0
-121.17999999999932 42.25999999999988 5.334340837055272 -6.630554759095574 0 0 0
-121.17999999999932 42.25999999999988 -5.334340837055272 6.630554759095574 0 0 0
-120.69999999999925 42.25999999999988 6.104200419554797 -5.990863090054074 0 0 0
-120.69999999999925 42.25999999999988 -6.104200419554797 5.990863090054074 0 0 0
