-123.5799999999997 39.37999999999994 165.24335147392887 -112.67046992741089 0 0 0
-123.5799999999997 39.37999999999994 -165.24335147392887 112.67046992741089 0 0 0
-123.09999999999962 39.37999999999994 142.00715831978883 -42.13033667175055 0 0 0
-123.09999999999962 39.37999999999994 -142.00715831978883 42.13033667175055 0 0 0
-122.61999999999955 39.37999999999994 18.3480892971141 3.4246221225219626 0 0 0
-122.61999999999955 39.37999999999994 -18.3480892971141 -3.4246221225219626 0 0 0
-122.13999999999947 39.37999999999994 90.21301046648423 -178.49821495626784 0 0 0
-122.13999999999947 39.37999999999994 -90.21301046648423 178.49821495626784 0 0 0
-124.05999999999977 39.85999999999993 46.17112223332984 -29.31546390401723 0 0 0
-124.05999999999977 39.85999999999993 -46.17112223332984 29.31546390401723 0 0 0
-123.5799999999997 39.85999999999993 148.23763863907442 8.97614436058369 0 0 0
-123.5799999999997 39.85999999999993 -148.23763863907442 -8.97614436058369 0 0 0
-123.09999999999962 39.85999999999993 116.38283052634318 112.81922998842899 0 0 0
-123.09999999999962 39.85999999999993 -116.38283052634318 -112.81922998842899 0 0 0
-122.61999999999955 39.85999999999993 0.2032958247144083 -1.9440885503251677 0 0 0
-122.61999999999955 39.85999999999993 -0.2032958247144083 1.9440885503251677 0 0 0
-122.13999999999947 39.85999999999993 -15.898367971978725 -32.07426232910527 0 0 0
-122.13999999999947 39.85999999999993 15.898367971978725 32.07426232910527 0 0 0
-121.6599999999994 39.85999999999993 -15.36309202697634 -17.413854138375292 0 0 0
-121.6599999999994 39.85999999999993 15.36309202697634 17.413854138375292 0 0 0
-121.17999999999932 39.85999999999993 13.644013638239302 5.262671441151003 0 0 0
-121.17999999999932 39.85999999999993 -13.644013638239302 -5.262671441151003 0 0 0
-120.69999999999925 39.85999999999993 23.748314568577396 6.738744337943841 0 0 0
-120.69999999999925 39.85999999999993 -23.748314568577396 -6.738744337943841 0 0 0
-124.05999999999977 40.33999999999992 16.803978549902258 9.73508355570187 0 0 0
-124.05999999999977 40.33999999999992 -16.803978549902258 -9.73508355570187 0 0 0
-123.5799999999997 40.33999999999992 14.942203557905282 2.545952614403258 0 0 0
-123.5799999999997 40.33999999999992 -14.942203557905282 -2.545952614403258 0 0 0
-122.61999999999955 40.33999999999992 18.18834657636515 -40.47383449359652 0 0 0
-122.61999999999955 40.33999999999992 -18.18834657636515 40.47383449359652 0 0 0
-121.6599999999994 40.33999999999992 9.89740883759053 1.3116114576309164 0 0 0
-121.6599999999994 40.33999999999992 -9.89740883759053 -1.3116114576309164 0 0 0
-121.17999999999932 40.33999999999992 1.7914886551707518 -0.041148630904121825 0 0 0
-121.17999999999932 40.33999999999992 -1.7914886551707518 0.041148630904121825 0 0 0
-120.69999999999925 40.33999999999992 14.649738412005213 2.771852772499678 0 0 0
-120.69999999999925 40.33999999999992 -14.649738412005213 -2.771852772499678 0 0 0
-124.05999999999977 40.81999999999991 20.53211781197187 -14.15567278633471 0 0 0
-124.05999999999977 40.81999999999991 -20.53211781197187 14.15567278633471 0 0 0
-123.5799999999997 40.81999999999991 -58.2240548355439 -78.25464286065956 0 0 0
-123.5799999999997 40.81999999999991 58.2240548355439 78.25464286065956 0 0 0
-122.61999999999955 40.81999999999991 50.908561213920926 12.555163068484365 0 0 0
-122.61999999999955 40.81999999999991 -50.908561213920926 -12.555163068484365 0 0 0
-121.6599999999994 40.81999999999991 38.719492146768786 -25.276218008565753 0 0 0
-121.6599999999994 40.81999999999991 -38.719492146768786 25.276218008565753 0 0 0
-121.17999999999932 40.81999999999991 -9.285288998887044 -12.587691142650437 0 0 0
-121.17999999999932 40.81999999999991 9.285288998887044 12.587691142650437 0 0 0
-120.69999999999925 40.81999999999991 20.66285733516928 14.980344832376911 0 0 0
-120.69999999999925 40.81999999999991 -20.66285733516928 -14.980344832376911 0 0 0
-124.05999999999977 41.2999999999999 22.130579914870122 -11.537850480686094 0 0 0
-124.05999999999977 41.2999999999999 -22.130579914870122 11.537850480686094 0 0 0
-123.5799999999997 41.2999999999999 9.672234952250927 -17.79630213098974 0 0 0
-123.5799999999997 41.2999999999999 -9.672234952250927 17.79630213098974 0 0 0
-123.09999999999962 41.2999999999999 13.164011819296695 -9.113088181493783 0 0 0
-123.09999999999962 41.2999999999999 -13.164011819296695 9.113088181493783 0 0 0
-122.13999999999947 41.2999999999999 -0.2984629281535076 -14.623821796509683 0 0 0
-122.13999999999947 41.2999999999999 0.2984629281535076 14.623821796509683 0 0 0
-121.6599999999994 41.2999999999999 10.640166459132903 10.100563843515062 0 0 0
-121.6599999999994 41.2999999999999 -10.640166459132903 -10.100563843515062 0 0 0
-121.17999999999932 41.2999999999999 11.859699578845259 6.6208381240379675 0 0 0
-121.17999999999932 41.2999999999999 -11.859699578845259 -6.6208381240379675 0 0 0
-120.69999999999925 41.2999999999999 8.368305606449379 0.24699579121091964 0 0 0
-120.69999999999925 41.2999999999999 -8.368305606449379 -0.24699579121091964 0 0 0
-124.05999999999977 41.77999999999989 6.955834845943119 2.3031502312879653 0 0 0
-124.05999999999977 41.77999999999989 -6.955834845943119 -2.3031502312879653 0 0 0
-123.09999999999962 41.77999999999989 2.50751537453796 -21.191989651186134 0 0 0
-123.09999999999962 41.77999999999989 -2.50751537453796 21.191989651186134 0 0 0
-122.61999999999955 41.77999999999989 4.7897029514709555 -17.219628460141998 0 0 0
-122.61999999999955 41.77999999999989 -4.7897029514709555 17.219628460141998 0 0 0
-122.13999999999947 41.77999999999989 1.808959234145996 1.4303358563143225 0 0 0
-122.13999999999947 41.77999999999989 -1.808959234145996 -1.4303358563143225 0 0 0
-121.17999999999932 41.77999999999989 20.23116695429855 11.542484558623224 0 0 0
-121.17999999999932 41.77999999999989 -20.23116695429855 -11.542484558623224 0 0 0
-120.69999999999925 41.77999999999989 -0.9031188848797094 -0.9202044168131412 0 0 0
-120.69999999999925 41.77999999999989 0.9031188848797094 0.9202044168131412 0 0 0
-124.53999999999985 42.25999999999988 151.22348409717608 130.88719516251817 0 0 0
-124.53999999999985 42.25999999999988 -151.22348409717608 -130.88719516251817 0 0 0
-124.05999999999977 42.25999999999988 -1.6308985281850077 -8.72514552415791 0 0 0
-124.05999999999977 42.25999999999988 1.6308985281850077 8.72514552415791 0 0 0
-123.5799999999997 42.25999999999988 -11.863261580564068 -41.93804607958072 0 0 0
-123.5799999999997 42.25999999999988 11.863261580564068 41.93804607958072 0 0 0
-123.09999999999962 42.25999999999988 -10.313773259636713 -0.6859837778463034 0 0 0
-123.09999999999962 42.25999999999988 10.313773259636713 0.6859837778463034 0 0 0
-123.09999999999962 42.25999999999988 2.3565175534650087 -35.4302660116803 0 0 0
-123.09999999999962 42.25999999999988 -2.3565175534650087 35.4302660116803 0 0 0
-122.61999999999955 42.25999999999988 8.183248977335632 -5.12105771315613 0 0 0
-122.61999999999955 42.25999999999988 -8.183248977335632 5.12105771315613 0 0 0
-121.6599999999994 42.25999999999988 -6.584196197993599 -9.00531324266748 0 0 0
-121.6599999999994 42.25999999999988 6.584196197993599 9.00531324266748 0 0 0
-121.17999999999932 42.25999999999988 10.236947774961333 8.235716398823158 0 0 0
-121.17999999999932 42.25999999999988 -10.236947774961333 -8.235716398823158 0 0 0
-120.69999999999925 42.25999999999988 -0.9031188848797094 -0.9202044168131412 0 0 0
-120.69999999999925 42.25999999999988 0.9031188848797094 0.9202044168131412 0 0 0
