-117.843500 42.779500 -1.397800 1.154100 0.100000 0.100000 0.0
-124.563300 42.836100 6.152300 14.015800 0.100000 0.100000 0.0
-123.978100 45.486500 9.941500 9.471700 0.100000 0.100000 0.0
-123.304600 44.585500 5.458200 9.075100 0.100000 0.100000 0.0
-122.256500 46.840100 7.815700 4.477200 0.100000 0.100000 0.0
-123.244200 43.118800 2.373900 8.293000 0.100000 0.100000 0.0
-119.355500 40.416500 -4.185700 3.859900 0.100000 0.100000 0.0
-120.814700 45.838800 2.498700 1.891900 0.100000 0.100000 0.0
-121.469900 40.815900 -5.924200 4.758200 0.100000 0.100000 0.0
-122.896100 46.118200 4.680000 5.895800 0.100000 0.100000 0.0
-122.795400 47.547300 8.077500 5.141300 0.100000 0.100000 0.0
-120.538500 47.000300 2.167700 1.487900 0.100000 0.100000 0.0
-121.830900 47.944400 3.958200 2.092700 0.100000 0.100000 0.0
-121.221600 42.418300 -2.178700 4.625500 0.100000 0.100000 0.0
-117.330000 41.428700 -2.507200 0.994700 0.100000 0.100000 0.0
-119.935500 41.275900 -3.837500 3.855900 0.100000 0.100000 0.0
-117.064600 42.981700 -1.430000 0.578000 0.100000 0.100000 0.0
-115.311700 43.300200 -1.501600 -0.283700 0.100000 0.100000 0.0
-118.565800 47.002200 1.372800 0.746800 0.100000 0.100000 0.0
-118.013800 45.231800 0.697000 0.871800 0.100000 0.100000 0.0
-116.103000 44.898400 0.341900 0.221900 0.100000 0.100000 0.0
-115.842400 47.562200 1.300500 -0.282700 0.100000 0.100000 0.0
-124.075400 40.876300 1.564800 16.662600 0.100000 0.100000 0.0
-122.414900 40.997600 -0.962600 7.320100 0.100000 0.100000 0.0
-124.014000 42.967400 4.238300 9.874000 0.100000 0.100000 0.0
-121.090700 43.112400 -1.293800 3.989100 0.100000 0.100000 0.0
-120.946200 44.922700 1.252600 2.674600 0.100000 0.100000 0.0
-120.933100 46.844000 2.959500 2.343900 0.100000 0.100000 0.0
-119.476800 40.779800 -4.331300 3.400600 0.100000 0.100000 0.0
-119.010200 40.242200 -4.728600 3.076600 0.100000 0.100000 0.0
-119.722500 39.908200 -6.073700 4.805100 0.100000 0.100000 0.0
-119.624300 41.357700 -3.817700 3.371900 0.100000 0.100000 0.0
-120.284400 39.937400 -6.441700 5.216800 0.100000 0.100000 0.0
-120.806000 40.418600 -6.763300 4.524600 0.100000 0.100000 0.0
-120.077300 40.288900 -5.767500 4.779200 0.100000 0.100000 0.0
-123.360100 41.807100 -0.163900 8.585200 0.100000 0.100000 0.0
-123.188800 41.272400 -0.796400 7.218400 0.100000 0.100000 0.0
-123.906100 40.024400 -18.871000 24.540200 0.100000 0.100000 0.0
-124.308100 40.247500 -17.473900 32.708900 0.100000 0.100000 0.0
-124.107200 40.422500 -4.540300 22.484500 0.100000 0.100000 0.0
-124.282800 40.504800 -2.199000 26.527900 0.100000 0.100000 0.0
-124.133300 40.551300 -1.815100 21.105100 0.100000 0.100000 0.0
-124.213100 40.637400 0.215200 21.402300 0.100000 0.100000 0.0
-124.237000 40.691100 2.429800 21.555000 0.100000 0.100000 0.0
-124.057300 40.219600 -14.081400 24.819600 0.100000 0.100000 0.0
-123.693300 40.119300 -13.607600 15.802200 0.100000 0.100000 0.0
-123.853300 40.245500 -10.607000 19.029000 0.100000 0.100000 0.0
-123.862800 40.435200 -5.020900 16.544600 0.100000 0.100000 0.0
-123.880200 40.543700 -3.579600 15.787700 0.100000 0.100000 0.0
-123.881500 40.668600 -1.147800 14.339900 0.100000 0.100000 0.0
-123.967700 40.791100 1.273700 15.703900 0.100000 0.100000 0.0
-123.863300 40.880200 -0.332300 11.168100 0.100000 0.100000 0.0
-123.685600 42.099000 3.035000 11.487000 0.100000 0.100000 0.0
-123.749300 39.261300 -22.370300 29.195200 0.100000 0.100000 0.0
-123.602500 39.352500 -22.490900 23.239900 0.100000 0.100000 0.0
-123.204000 39.242000 -15.967800 17.068500 0.100000 0.100000 0.0
-123.632300 42.275400 1.644000 9.522400 0.100000 0.100000 0.0
-123.105200 39.319700 -15.161000 15.001800 0.100000 0.100000 0.0
-122.963100 39.398100 -13.352700 13.305400 0.100000 0.100000 0.0
-122.718600 39.260000 -11.209500 7.972600 0.100000 0.100000 0.0
-123.698400 39.529200 -22.210400 24.499400 0.100000 0.100000 0.0
-123.564500 39.554300 -21.129800 23.063900 0.100000 0.100000 0.0
-123.581800 39.685700 -21.347500 19.360700 0.100000 0.100000 0.0
-123.716900 39.863600 -20.015000 20.869700 0.100000 0.100000 0.0
-123.551800 39.905700 -16.102100 14.809600 0.100000 0.100000 0.0
-123.371900 39.452400 -17.567100 15.087800 0.100000 0.100000 0.0
-123.295100 39.707100 -17.037900 11.326200 0.100000 0.100000 0.0
-123.186800 39.492800 -16.918700 14.928800 0.100000 0.100000 0.0
-123.394900 39.897200 -14.093000 15.144000 0.100000 0.100000 0.0
-123.182500 39.962100 -7.830800 10.033700 0.100000 0.100000 0.0
-123.655700 40.256800 -9.021300 14.325300 0.100000 0.100000 0.0
-123.882600 41.151700 1.802500 11.664900 0.100000 0.100000 0.0
-123.698900 40.575300 -4.123100 8.733600 0.100000 0.100000 0.0
-123.573100 40.478900 -4.228600 10.434300 0.100000 0.100000 0.0
-123.452000 40.082200 -12.439200 12.917400 0.100000 0.100000 0.0
-123.135600 40.324100 -2.448000 10.966300 0.100000 0.100000 0.0
-123.324100 40.732900 0.135300 9.443700 0.100000 0.100000 0.0
-123.174500 40.546700 -1.232500 9.928900 0.100000 0.100000 0.0
-122.975800 39.621400 -11.143200 8.771600 0.100000 0.100000 0.0
-122.735900 39.493600 -11.275600 6.490900 0.100000 0.100000 0.0
-122.873600 39.726200 -8.805000 10.214100 0.100000 0.100000 0.0
-122.430500 39.528100 -10.681600 7.561100 0.100000 0.100000 0.0
-122.868800 40.296200 -2.918000 10.499500 0.100000 0.100000 0.0
-122.923000 40.747600 -4.463300 8.098200 0.100000 0.100000 0.0
-122.668200 40.034100 -7.849900 9.061400 0.100000 0.100000 0.0
-122.606900 40.650700 -3.398300 10.671700 0.100000 0.100000 0.0
-123.334200 40.887100 1.413200 9.816300 0.100000 0.100000 0.0
-122.028000 39.929100 -8.950500 8.521900 0.100000 0.100000 0.0
-122.270800 40.271200 -3.399500 7.753900 0.100000 0.100000 0.0
-120.867500 39.794700 -8.577100 7.052200 0.100000 0.100000 0.0
-120.948500 41.183300 -5.041300 5.147400 0.100000 0.100000 0.0
-121.828000 40.905500 -7.300700 5.332000 0.100000 0.100000 0.0
-122.319400 40.731100 -2.048800 7.887200 0.100000 0.100000 0.0
-114.862800 43.532800 -1.569100 -0.479200 0.100000 0.100000 0.0
-114.719200 43.874400 -1.126800 -0.416600 0.100000 0.100000 0.0
-124.225800 42.209100 3.026900 10.577700 0.100000 0.100000 0.0
-124.054000 42.860100 4.682800 10.813400 0.100000 0.100000 0.0
-124.409300 43.090300 6.343600 12.406300 0.100000 0.100000 0.0
-124.253500 43.395500 6.330100 10.738700 0.100000 0.100000 0.0
-123.979600 43.614300 6.099700 10.284500 0.100000 0.100000 0.0
-124.061600 44.585200 9.873200 10.197300 0.100000 0.100000 0.0
-123.383400 42.503500 0.939200 11.367800 0.100000 0.100000 0.0
-123.429500 43.140100 2.849300 9.354100 0.100000 0.100000 0.0
-122.656400 42.191000 1.273600 8.693900 0.100000 0.100000 0.0
-123.057900 43.363300 2.489600 7.447400 0.100000 0.100000 0.0
-117.251700 45.428100 0.817700 0.469500 0.100000 0.100000 0.0
-123.333300 43.622500 3.574200 10.039700 0.100000 0.100000 0.0
-123.590600 44.381900 4.713400 9.890100 0.100000 0.100000 0.0
-123.427000 44.689300 5.610800 9.748800 0.100000 0.100000 0.0
-123.102300 44.941200 6.256000 8.414000 0.100000 0.100000 0.0
-122.887100 44.052100 4.163700 6.859700 0.100000 0.100000 0.0
-122.930900 44.535000 4.857400 6.452200 0.100000 0.100000 0.0
-122.577000 44.496500 3.520400 5.511800 0.100000 0.100000 0.0
-121.779700 42.259700 -2.383700 5.036000 0.100000 0.100000 0.0
-119.951800 43.001800 -1.118500 2.740100 0.100000 0.100000 0.0
-121.769600 43.177100 -0.690900 4.796900 0.100000 0.100000 0.0
-122.217200 44.342200 2.043400 4.484000 0.100000 0.100000 0.0
-122.482800 44.841100 3.731800 5.276700 0.100000 0.100000 0.0
-121.945800 44.434800 2.271400 3.688000 0.100000 0.100000 0.0
-118.967800 44.402800 -0.184000 1.372000 0.100000 0.100000 0.0
-121.574500 44.296800 1.238000 3.945900 0.100000 0.100000 0.0
-120.377600 42.468800 -2.408400 3.548600 0.100000 0.100000 0.0
-120.603400 43.812000 -0.042300 2.985800 0.100000 0.100000 0.0
-118.928500 43.034000 -1.295900 1.805300 0.100000 0.100000 0.0
-118.412500 42.254600 -1.953000 1.647800 0.100000 0.100000 0.0
-119.001000 43.446800 -1.263600 1.397000 0.100000 0.100000 0.0
-117.892000 43.234500 -1.243600 0.969600 0.100000 0.100000 0.0
-117.799600 44.834900 0.432500 0.752500 0.100000 0.100000 0.0
-123.857500 45.022300 9.344800 9.698400 0.100000 0.100000 0.0
-123.822900 45.309500 9.892500 9.537900 0.100000 0.100000 0.0
-123.799200 46.421600 11.439700 9.096500 0.100000 0.100000 0.0
-123.916100 46.925800 11.283700 8.914900 0.100000 0.100000 0.0
-123.613000 47.433900 13.472200 8.586600 0.100000 0.100000 0.0
-123.812500 47.513300 12.731200 8.943800 0.100000 0.100000 0.0
-124.557000 47.937200 15.699400 9.736700 0.100000 0.100000 0.0
-124.305900 47.766200 14.654400 9.333900 0.100000 0.100000 0.0
-123.390300 45.158500 5.694200 9.691100 0.100000 0.100000 0.0
-123.643800 45.629300 9.260600 9.495700 0.100000 0.100000 0.0
-123.152300 45.190400 5.961500 8.677300 0.100000 0.100000 0.0
-123.931000 45.954600 13.617600 8.771100 0.100000 0.100000 0.0
-123.376600 46.200500 7.723400 9.187500 0.100000 0.100000 0.0
-123.239500 45.851300 6.373600 8.772500 0.100000 0.100000 0.0
-123.078600 46.111100 6.796100 9.080700 0.100000 0.100000 0.0
-123.157400 45.538000 6.824200 8.301600 0.100000 0.100000 0.0
-122.589100 45.221100 5.608100 5.695100 0.100000 0.100000 0.0
-122.692800 45.834900 7.406600 6.431100 0.100000 0.100000 0.0
-123.729900 46.656000 11.785800 8.958900 0.100000 0.100000 0.0
-121.596900 47.039900 3.429500 2.829000 0.100000 0.100000 0.0
-123.297900 46.574700 7.872700 9.248000 0.100000 0.100000 0.0
-123.407800 47.236600 10.951300 8.688500 0.100000 0.100000 0.0
-123.366500 47.409300 10.893100 8.011800 0.100000 0.100000 0.0
-122.866300 46.588600 7.666300 8.872500 0.100000 0.100000 0.0
-122.429200 46.531900 8.077400 6.511400 0.100000 0.100000 0.0
-116.979700 46.797900 1.269600 0.142500 0.100000 0.100000 0.0
-122.941200 47.287900 6.586200 7.754300 0.100000 0.100000 0.0
-122.874700 47.823200 9.572800 7.171000 0.100000 0.100000 0.0
-122.845400 46.452700 7.720600 7.405900 0.100000 0.100000 0.0
-122.514600 47.802700 9.309500 6.774400 0.100000 0.100000 0.0
-122.340600 45.430200 4.917100 5.202900 0.100000 0.100000 0.0
-121.877400 45.676100 3.108400 3.940500 0.100000 0.100000 0.0
-123.436200 47.003800 13.184600 8.661700 0.100000 0.100000 0.0
-121.988500 46.572100 5.896300 5.143600 0.100000 0.100000 0.0
-121.683200 46.622900 3.981300 3.714500 0.100000 0.100000 0.0
-119.872000 44.532500 0.186400 1.640300 0.100000 0.100000 0.0
-121.075600 47.740200 3.224400 1.975500 0.100000 0.100000 0.0
-120.672200 45.590100 1.776200 2.657400 0.100000 0.100000 0.0
-122.892800 46.115700 7.505900 7.994300 0.100000 0.100000 0.0
-119.690100 45.452800 0.965700 1.332200 0.100000 0.100000 0.0
-120.005200 45.910600 1.799600 1.474400 0.100000 0.100000 0.0
-119.631000 46.259800 1.548300 1.428900 0.100000 0.100000 0.0
-119.544200 45.953300 1.388300 1.619900 0.100000 0.100000 0.0
-119.041400 46.792800 1.606900 1.072500 0.100000 0.100000 0.0
-119.487300 47.403500 1.545300 0.856700 0.100000 0.100000 0.0
-118.745500 47.759100 1.555100 0.513000 0.100000 0.100000 0.0
-118.992600 47.953800 1.740500 0.890500 0.100000 0.100000 0.0
-122.206300 41.294500 -3.579000 5.683900 0.100000 0.100000 0.0
-122.293800 41.381200 -1.105300 6.521000 0.100000 0.100000 0.0
-122.152900 41.531900 -4.575500 6.595200 0.100000 0.100000 0.0
-121.490000 41.616300 -5.169600 4.678400 0.100000 0.100000 0.0
-122.354600 46.109600 7.199600 6.017900 0.100000 0.100000 0.0
-122.360600 46.189600 5.787900 5.105600 0.100000 0.100000 0.0
-122.227000 46.231500 5.262300 5.690400 0.100000 0.100000 0.0
-122.160600 46.173500 5.373000 1.891800 0.100000 0.100000 0.0
-122.217400 46.178100 5.685400 4.511900 0.100000 0.100000 0.0
-122.133400 46.194600 8.867700 6.327800 0.100000 0.100000 0.0
-122.310600 46.173000 5.809500 5.286800 0.100000 0.100000 0.0
-120.828200 41.359200 -4.826800 4.548900 0.100000 0.100000 0.0
-120.472800 41.332500 -4.514100 4.510800 0.100000 0.100000 0.0
-123.891400 43.392500 4.461900 9.239200 0.100000 0.100000 0.0
-124.413300 42.442000 4.674100 11.818700 0.100000 0.100000 0.0
-124.293300 42.076600 3.094400 11.268600 0.100000 0.100000 0.0
-123.231000 42.691600 0.275600 8.826900 0.100000 0.100000 0.0
-121.880100 42.579800 -1.608100 5.106800 0.100000 0.100000 0.0
-122.609600 42.727100 -1.471100 6.049900 0.100000 0.100000 0.0
-119.658700 42.546100 -2.210700 2.724000 0.100000 0.100000 0.0
-117.725400 42.020200 -2.421000 1.159100 0.100000 0.100000 0.0
-122.420500 41.830800 -3.098100 5.783300 0.100000 0.100000 0.0
-123.980800 41.845500 3.630800 11.459800 0.100000 0.100000 0.0
-124.204600 47.212800 14.945200 11.433300 0.100000 0.100000 0.0
-122.570800 47.172100 8.748100 5.192600 0.100000 0.100000 0.0
-121.686700 43.990700 2.287000 2.471700 0.100000 0.100000 0.0
-124.255200 41.782700 3.277700 11.994100 0.100000 0.100000 0.0
-122.008100 47.499600 6.192700 4.379900 0.100000 0.100000 0.0
-120.944400 39.974600 -7.708500 6.628700 0.100000 0.100000 0.0
-121.147900 44.259800 0.654400 3.343800 0.100000 0.100000 0.0
-120.724600 46.950900 1.793000 1.859400 0.100000 0.100000 0.0
-123.705700 47.816600 12.755200 11.263600 0.100000 0.100000 0.0
-122.309500 47.654000 7.827300 5.383600 0.100000 0.100000 0.0
-120.225000 40.591700 -5.272800 4.829700 0.100000 0.100000 0.0
-119.015700 41.868400 -2.753200 2.505300 0.100000 0.100000 0.0
-123.768400 46.207400 11.581800 9.037700 0.100000 0.100000 0.0
-124.150900 41.053900 1.518200 15.652600 0.100000 0.100000 0.0
-122.922900 47.015900 7.925400 8.771700 0.100000 0.100000 0.0
