-117.843500 42.779500 -0.705400 
-124.563300 42.836100 0.816400 
-123.978100 45.486500 -2.536700 
-123.304600 44.585500 1.409300 
-122.256500 46.840100 1.958000 
-123.244200 43.118800 0.603100 
-119.355500 40.416500 -0.337800 
-120.814700 45.838800 -1.571900 
-121.469900 40.815900 -3.459800 
-122.896100 46.118200 -0.404900 
-122.795400 47.547300 3.278700 
-120.538500 47.000300 -0.338200 
-121.830900 47.944400 1.501900 
-121.221600 42.418300 -1.830500 
-117.330000 41.428700 0.354100 
-119.935500 41.275900 0.060000 
-117.064600 42.981700 -0.530500 
-115.311700 43.300200 -1.084100 
-118.565800 47.002200 -0.619200 
-118.013800 45.231800 0.369200 
-116.103000 44.898400 -0.011200 
-115.842400 47.562200 -0.088100 
-124.075400 40.876300 1.762000 
-122.414900 40.997600 0.699000 
-124.014000 42.967400 -5.776500 
-121.090700 43.112400 0.732200 
-120.946200 44.922700 -0.667200 
-120.933100 46.844000 -1.781100 
-119.476800 40.779800 -0.116600 
-119.010200 40.242200 -0.606400 
-119.722500 39.908200 -0.599600 
-119.624300 41.357700 -0.171800 
-120.284400 39.937400 -1.980600 
-120.806000 40.418600 1.148000 
-120.077300 40.288900 -0.842600 
-123.360100 41.807100 -8.275300 
-123.188800 41.272400 -12.772300 
-123.906100 40.024400 -0.533100 
-124.308100 40.247500 -2.856100 
-124.107200 40.422500 1.504000 
-124.282800 40.504800 -1.266200 
-124.133300 40.551300 0.492500 
-124.213100 40.637400 -1.957300 
-124.237000 40.691100 -2.949100 
-124.057300 40.219600 7.517000 
-123.693300 40.119300 -4.495100 
-123.853300 40.245500 -1.953900 
-123.862800 40.435200 -3.078200 
-123.880200 40.543700 -0.190000 
-123.881500 40.668600 -0.538700 
-123.967700 40.791100 -1.312700 
-123.863300 40.880200 4.929300 
-123.685600 42.099000 -11.923900 
-123.749300 39.261300 -0.253100 
-123.602500 39.352500 0.765000 
-123.204000 39.242000 -0.366500 
-123.632300 42.275400 -13.478500 
-123.105200 39.319700 -0.657400 
-122.963100 39.398100 3.342000 
-122.718600 39.260000 -2.905100 
-123.698400 39.529200 -3.119900 
-123.564500 39.554300 -5.551800 
-123.581800 39.685700 0.392600 
-123.716900 39.863600 -2.246400 
-123.551800 39.905700 -2.773600 
-123.371900 39.452400 -3.072500 
-123.295100 39.707100 4.577900 
-123.186800 39.492800 0.672100 
-123.394900 39.897200 1.120700 
-123.182500 39.962100 -0.746900 
-123.655700 40.256800 -5.177100 
-123.882600 41.151700 -2.143000 
-123.698900 40.575300 -2.048000 
-123.573100 40.478900 -2.987000 
-123.452000 40.082200 -2.677900 
-123.135600 40.324100 1.227700 
-123.324100 40.732900 -11.318400 
-123.174500 40.546700 -13.321300 
-122.975800 39.621400 0.738500 
-122.735900 39.493600 11.569500 
-122.873600 39.726200 5.723200 
-122.430500 39.528100 2.989100 
-122.868800 40.296200 -1.589200 
-122.923000 40.747600 -3.300800 
-122.668200 40.034100 -1.684800 
-122.606900 40.650700 0.242100 
-123.334200 40.887100 -10.504600 
-122.028000 39.929100 -7.360700 
-122.270800 40.271200 22.033700 
-120.867500 39.794700 2.277100 
-120.948500 41.183300 0.230300 
-121.828000 40.905500 3.102400 
-122.319400 40.731100 -2.324700 
-114.862800 43.532800 -0.057100 
-114.719200 43.874400 0.332800 
-124.225800 42.209100 0.866600 
-124.054000 42.860100 -5.718700 
-124.409300 43.090300 0.810300 
-124.253500 43.395500 -1.178500 
-123.979600 43.614300 -8.332100 
-124.061600 44.585200 -2.585400 
-123.383400 42.503500 -12.830600 
-123.429500 43.140100 -1.621100 
-122.656400 42.191000 -3.972500 
-123.057900 43.363300 3.379200 
-117.251700 45.428100 -0.010900 
-123.333300 43.622500 -0.727900 
-123.590600 44.381900 -1.194000 
-123.427000 44.689300 -2.685500 
-123.102300 44.941200 0.240500 
-122.887100 44.052100 -0.602100 
-122.930900 44.535000 1.312500 
-122.577000 44.496500 -0.387700 
-121.779700 42.259700 -0.849600 
-119.951800 43.001800 0.348000 
-121.769600 43.177100 -1.725400 
-122.217200 44.342200 1.653700 
-122.482800 44.841100 0.112500 
-121.945800 44.434800 2.909200 
-118.967800 44.402800 0.681400 
-121.574500 44.296800 -0.897200 
-120.377600 42.468800 0.006200 
-120.603400 43.812000 -0.203100 
-118.928500 43.034000 0.793300 
-118.412500 42.254600 -0.508300 
-119.001000 43.446800 -0.200700 
-117.892000 43.234500 -0.054100 
-117.799600 44.834900 0.079300 
-123.857500 45.022300 -1.535800 
-123.822900 45.309500 -1.249100 
-123.799200 46.421600 -0.800400 
-123.916100 46.925800 -0.252600 
-123.613000 47.433900 3.092800 
-123.812500 47.513300 -2.883800 
-124.557000 47.937200 0.997900 
-124.305900 47.766200 4.332300 
-123.390300 45.158500 -0.320500 
-123.643800 45.629300 -2.979200 
-123.152300 45.190400 3.542300 
-123.931000 45.954600 2.275300 
-123.376600 46.200500 -2.351200 
-123.239500 45.851300 -4.165300 
-123.078600 46.111100 -2.318400 
-123.157400 45.538000 1.459800 
-122.589100 45.221100 -1.300100 
-122.692800 45.834900 2.538800 
-123.729900 46.656000 -2.047700 
-121.596900 47.039900 0.071500 
-123.297900 46.574700 -4.170300 
-123.407800 47.236600 -5.528500 
-123.366500 47.409300 -5.759900 
-122.866300 46.588600 1.329800 
-122.429200 46.531900 0.136700 
-116.979700 46.797900 -0.300700 
-122.941200 47.287900 -0.803300 
-122.874700 47.823200 3.149600 
-122.845400 46.452700 -1.308900 
-122.514600 47.802700 -0.132800 
-122.340600 45.430200 -1.492300 
-121.877400 45.676100 -0.831500 
-123.436200 47.003800 -5.144100 
-121.988500 46.572100 0.635800 
-121.683200 46.622900 2.247800 
-119.872000 44.532500 0.258100 
-121.075600 47.740200 -0.464400 
-120.672200 45.590100 -2.860700 
-122.892800 46.115700 -3.635800 
-119.690100 45.452800 -1.442800 
-120.005200 45.910600 -2.192900 
-119.631000 46.259800 -0.885300 
-119.544200 45.953300 -0.650800 
-119.041400 46.792800 -0.924200 
-119.487300 47.403500 1.094500 
-118.745500 47.759100 1.426000 
-118.992600 47.953800 -0.608100 
-122.206300 41.294500 -1.107100 
-122.293800 41.381200 0.236600 
-122.152900 41.531900 7.496200 
-121.490000 41.616300 1.240300 
-122.354600 46.109600 -0.910800 
-122.360600 46.189600 3.740300 
-122.227000 46.231500 1.915800 
-122.160600 46.173500 3.460700 
-122.217400 46.178100 0.171900 
-122.133400 46.194600 3.383500 
-122.310600 46.173000 1.302000 
-120.828200 41.359200 -0.132200 
-120.472800 41.332500 -0.273900 
-123.891400 43.392500 -4.868600 
-124.413300 42.442000 0.925700 
-124.293300 42.076600 2.490500 
-123.231000 42.691600 -3.376700 
-121.880100 42.579800 2.334800 
-122.609600 42.727100 -2.483000 
-119.658700 42.546100 -0.056700 
-117.725400 42.020200 0.191600 
-122.420500 41.830800 -2.663000 
-123.980800 41.845500 0.347500 
-124.204600 47.212800 0.265500 
-122.570800 47.172100 7.432200 
-121.686700 43.990700 0.486600 
-124.255200 41.782700 2.393600 
-122.008100 47.499600 1.584500 
-120.944400 39.974600 -2.507900 
-121.147900 44.259800 -1.131600 
-120.724600 46.950900 -1.962900 
-123.705700 47.816600 2.343400 
-122.309500 47.654000 1.089300 
-120.225000 40.591700 0.322100 
-119.015700 41.868400 -0.092700 
-123.768400 46.207400 -1.899400 
-124.150900 41.053900 -1.652600 
-122.922900 47.015900 0.920700 
