-124.53999999999985 36.5 -143.87637590516238 138.92295870876208 0 0 0
-124.53999999999985 36.5 143.87637590516238 -138.92295870876208 0 0 0
-124.2199999999998 36.5 -143.84593453514455 -138.95447858097594 0 0 0
-124.2199999999998 36.5 143.84593453514455 138.95447858097594 0 0 0
-123.89999999999975 36.5 -143.28013962583353 -139.53781418956527 0 0 0
-123.89999999999975 36.5 143.28013962583353 139.53781418956527 0 0 0
-123.5799999999997 36.5 -133.96893218462438 148.5002532297892 0 0 0
-123.5799999999997 36.5 133.96893218462438 -148.5002532297892 0 0 0
-123.25999999999965 36.5 -182.57183447026986 81.65491570114062 0 0 0
-123.25999999999965 36.5 182.57183447026986 -81.65491570114062 0 0 0
-122.9399999999996 36.5 -167.9905612453953 -108.53189085451838 0 0 0
-122.9399999999996 36.5 167.9905612453953 108.53189085451838 0 0 0
-122.61999999999955 36.5 -136.98073355094917 145.7267258804776 0 0 0
-122.61999999999955 36.5 136.98073355094917 -145.7267258804776 0 0 0
-122.2999999999995 36.5 -189.36543102277068 64.34853171254404 0 0 0
-122.2999999999995 36.5 189.36543102277068 -64.34853171254404 0 0 0
-121.97999999999945 36.5 -169.82200670285604 105.64320157688853 0 0 0
-121.97999999999945 36.5 169.82200670285604 -105.64320157688853 0 0 0
-121.6599999999994 36.5 -146.86890332592614 135.75538750207946 0 0 0
-121.6599999999994 36.5 146.86890332592614 -135.75538750207946 0 0 0
-121.33999999999935 36.5 -122.87020329802019 157.80656875270807 0 0 0
-121.33999999999935 36.5 122.87020329802019 -157.80656875270807 0 0 0
-121.0199999999993 36.5 -84.73238753295401 181.16407619328206 0 0 0
-121.0199999999993 36.5 84.73238753295401 -181.16407619328206 0 0 0
-120.69999999999925 36.5 -42.98774373822846 195.32550752089804 0 0 0
-120.69999999999925 36.5 42.98774373822846 -195.32550752089804 0 0 0
-124.53999999999985 36.81999999999999 -143.87637590516238 138.92295870876208 0 0 0
-124.53999999999985 36.81999999999999 143.87637590516238 -138.92295870876208 0 0 0
-124.2199999999998 36.81999999999999 -143.84593453514455 -138.95447858097594 0 0 0
-124.2199999999998 36.81999999999999 143.84593453514455 138.95447858097594 0 0 0
-123.89999999999975 36.81999999999999 -143.28013962583353 -139.53781418956527 0 0 0
-123.89999999999975 36.81999999999999 143.28013962583353 139.53781418956527 0 0 0
-123.5799999999997 36.81999999999999 -133.96893218462438 148.5002532297892 0 0 0
-123.5799999999997 36.81999999999999 133.96893218462438 -148.5002532297892 0 0 0
-123.25999999999965 36.81999999999999 -182.57183447026986 81.65491570114062 0 0 0
-123.25999999999965 36.81999999999999 182.57183447026986 -81.65491570114062 0 0 0
-122.9399999999996 36.81999999999999 -167.9905612453953 -108.53189085451838 0 0 0
-122.9399999999996 36.81999999999999 167.9905612453953 108.53189085451838 0 0 0
-122.61999999999955 36.81999999999999 -136.98073355094917 145.7267258804776 0 0 0
-122.61999999999955 36.81999999999999 136.98073355094917 -145.7267258804776 0 0 0
-122.2999999999995 36.81999999999999 -189.36543102277068 64.34853171254404 0 0 0
-122.2999999999995 36.81999999999999 189.36543102277068 -64.34853171254404 0 0 0
-121.97999999999945 36.81999999999999 -169.82200670285604 105.64320157688853 0 0 0
-121.97999999999945 36.81999999999999 169.82200670285604 -105.64320157688853 0 0 0
-121.6599999999994 36.81999999999999 -146.86890332592614 135.75538750207946 0 0 0
-121.6599999999994 36.81999999999999 146.86890332592614 -135.75538750207946 0 0 0
-121.33999999999935 36.81999999999999 -122.87020329802019 157.80656875270807 0 0 0
-121.33999999999935 36.81999999999999 122.87020329802019 -157.80656875270807 0 0 0
-121.0199999999993 36.81999999999999 -84.73238753295401 181.16407619328206 0 0 0
-121.0199999999993 36.81999999999999 84.73238753295401 -181.16407619328206 0 0 0
-120.69999999999925 36.81999999999999 -42.98774373822846 195.32550752089804 0 0 0
-120.69999999999925 36.81999999999999 42.98774373822846 -195.32550752089804 0 0 0
-124.53999999999985 37.139999999999986 -143.87637590516238 138.92295870876208 0 0 0
-124.53999999999985 37.139999999999986 143.87637590516238 -138.92295870876208 0 0 0
-124.2199999999998 37.139999999999986 -143.84593453514455 -138.95447858097594 0 0 0
-124.2199999999998 37.139999999999986 143.84593453514455 138.95447858097594 0 0 0
-123.89999999999975 37.139999999999986 -143.28013962583353 -139.53781418956527 0 0 0
-123.89999999999975 37.139999999999986 143.28013962583353 139.53781418956527 0 0 0
-123.5799999999997 37.139999999999986 -133.96893218462438 148.5002532297892 0 0 0
-123.5799999999997 37.139999999999986 133.96893218462438 -148.5002532297892 0 0 0
-123.25999999999965 37.139999999999986 -182.57183447026986 81.65491570114062 0 0 0
-123.25999999999965 37.139999999999986 182.57183447026986 -81.65491570114062 0 0 0
-122.9399999999996 37.139999999999986 -167.9905612453953 -108.53189085451838 0 0 0
-122.9399999999996 37.139999999999986 167.9905612453953 108.53189085451838 0 0 0
-122.61999999999955 37.139999999999986 -136.98073355094917 145.7267258804776 0 0 0
-122.61999999999955 37.139999999999986 136.98073355094917 -145.7267258804776 0 0 0
-122.2999999999995 37.139999999999986 -189.36543102277068 64.34853171254404 0 0 0
-122.2999999999995 37.139999999999986 189.36543102277068 -64.34853171254404 0 0 0
-121.97999999999945 37.139999999999986 -169.82200670285604 105.64320157688853 0 0 0
-121.97999999999945 37.139999999999986 169.82200670285604 -105.64320157688853 0 0 0
-121.6599999999994 37.139999999999986 -146.86890332592614 135.75538750207946 0 0 0
-121.6599999999994 37.139999999999986 146.86890332592614 -135.75538750207946 0 0 0
-121.33999999999935 37.139999999999986 -122.87020329802019 157.80656875270807 0 0 0
-121.33999999999935 37.139999999999986 122.87020329802019 -157.80656875270807 0 0 0
-121.0199999999993 37.139999999999986 -84.73238753295401 181.16407619328206 0 0 0
-121.0199999999993 37.139999999999986 84.73238753295401 -181.16407619328206 0 0 0
-120.69999999999925 37.139999999999986 -42.98774373822846 195.32550752089804 0 0 0
-120.69999999999925 37.139999999999986 42.98774373822846 -195.32550752089804 0 0 0
-124.53999999999985 37.45999999999998 -143.87637590516238 138.92295870876208 0 0 0
-124.53999999999985 37.45999999999998 143.87637590516238 -138.92295870876208 0 0 0
-124.2199999999998 37.45999999999998 -143.84593453514455 -138.95447858097594 0 0 0
-124.2199999999998 37.45999999999998 143.84593453514455 138.95447858097594 0 0 0
-123.89999999999975 37.45999999999998 -143.28013962583353 -139.53781418956527 0 0 0
-123.89999999999975 37.45999999999998 143.28013962583353 139.53781418956527 0 0 0
-123.5799999999997 37.45999999999998 -133.96893218462438 148.5002532297892 0 0 0
-123.5799999999997 37.45999999999998 133.96893218462438 -148.5002532297892 0 0 0
-123.25999999999965 37.45999999999998 -182.57183447026986 81.65491570114062 0 0 0
-123.25999999999965 37.45999999999998 182.57183447026986 -81.65491570114062 0 0 0
-122.9399999999996 37.45999999999998 -167.9905612453953 -108.53189085451838 0 0 0
-122.9399999999996 37.45999999999998 167.9905612453953 108.53189085451838 0 0 0
-122.61999999999955 37.45999999999998 -136.98073355094917 145.7267258804776 0 0 0
-122.61999999999955 37.45999999999998 136.98073355094917 -145.7267258804776 0 0 0
-122.2999999999995 37.45999999999998 -189.36543102277068 64.34853171254404 0 0 0
-122.2999999999995 37.45999999999998 189.36543102277068 -64.34853171254404 0 0 0
-121.97999999999945 37.45999999999998 -169.82200670285604 105.64320157688853 0 0 0
-121.97999999999945 37.45999999999998 169.82200670285604 -105.64320157688853 0 0 0
-121.6599999999994 37.45999999999998 -146.86890332592614 135.75538750207946 0 0 0
-121.6599999999994 37.45999999999998 146.86890332592614 -135.75538750207946 0 0 0
-121.33999999999935 37.45999999999998 -122.87020329802019 157.80656875270807 0 0 0
-121.33999999999935 37.45999999999998 122.87020329802019 -157.80656875270807 0 0 0
-121.0199999999993 37.45999999999998 -84.73238753295401 181.16407619328206 0 0 0
-121.0199999999993 37.45999999999998 84.73238753295401 -181.16407619328206 0 0 0
-120.69999999999925 37.45999999999998 -42.98774373822846 195.32550752089804 0 0 0
-120.69999999999925 37.45999999999998 42.98774373822846 -195.32550752089804 0 0 0
-124.53999999999985 37.77999999999997 -143.87637590516238 138.92295870876208 0 0 0
-124.53999999999985 37.77999999999997 143.87637590516238 -138.92295870876208 0 0 0
-124.2199999999998 37.77999999999997 -143.84593453514455 -138.95447858097594 0 0 0
-124.2199999999998 37.77999999999997 143.84593453514455 138.95447858097594 0 0 0
-123.89999999999975 37.77999999999997 -143.28013962583353 -139.53781418956527 0 0 0
-123.89999999999975 37.77999999999997 143.28013962583353 139.53781418956527 0 0 0
-123.5799999999997 37.77999999999997 -133.96893218462438 148.5002532297892 0 0 0
-123.5799999999997 37.77999999999997 133.96893218462438 -148.5002532297892 0 0 0
-123.25999999999965 37.77999999999997 -182.57183447026986 81.65491570114062 0 0 0
-123.25999999999965 37.77999999999997 182.57183447026986 -81.65491570114062 0 0 0
-122.9399999999996 37.77999999999997 -167.9905612453953 -108.53189085451838 0 0 0
-122.9399999999996 37.77999999999997 167.9905612453953 108.53189085451838 0 0 0
-122.61999999999955 37.77999999999997 -136.98073355094917 145.7267258804776 0 0 0
-122.61999999999955 37.77999999999997 136.98073355094917 -145.7267258804776 0 0 0
-122.2999999999995 37.77999999999997 -189.36543102277068 64.34853171254404 0 0 0
-122.2999999999995 37.77999999999997 189.36543102277068 -64.34853171254404 0 0 0
-121.97999999999945 37.77999999999997 -169.82200670285604 105.64320157688853 0 0 0
-121.97999999999945 37.77999999999997 169.82200670285604 -105.64320157688853 0 0 0
-121.6599999999994 37.77999999999997 -146.86890332592614 135.75538750207946 0 0 0
-121.6599999999994 37.77999999999997 146.86890332592614 -135.75538750207946 0 0 0
-121.33999999999935 37.77999999999997 -122.87020329802019 157.80656875270807 0 0 0
-121.33999999999935 37.77999999999997 122.87020329802019 -157.80656875270807 0 0 0
-121.0199999999993 37.77999999999997 -84.73238753295401 181.16407619328206 0 0 0
-121.0199999999993 37.77999999999997 84.73238753295401 -181.16407619328206 0 0 0
-120.69999999999925 37.77999999999997 -42.98774373822846 195.32550752089804 0 0 0
-120.69999999999925 37.77999999999997 42.98774373822846 -195.32550752089804 0 0 0
-124.53999999999985 38.099999999999966 -143.87637590516238 138.92295870876208 0 0 0
-124.53999999999985 38.099999999999966 143.87637590516238 -138.92295870876208 0 0 0
-124.2199999999998 38.099999999999966 -143.84593453514455 -138.95447858097594 0 0 0
-124.2199999999998 38.099999999999966 143.84593453514455 138.95447858097594 0 0 0
-123.89999999999975 38.099999999999966 -143.28013962583353 -139.53781418956527 0 0 0
-123.89999999999975 38.099999999999966 143.28013962583353 139.53781418956527 0 0 0
-123.5799999999997 38.099999999999966 -133.96893218462438 148.5002532297892 0 0 0
-123.5799999999997 38.099999999999966 133.96893218462438 -148.5002532297892 0 0 0
-123.25999999999965 38.099999999999966 -182.57183447026986 81.65491570114062 0 0 0
-123.25999999999965 38.099999999999966 182.57183447026986 -81.65491570114062 0 0 0
-122.9399999999996 38.099999999999966 -167.9905612453953 -108.53189085451838 0 0 0
-122.9399999999996 38.099999999999966 167.9905612453953 108.53189085451838 0 0 0
-122.61999999999955 38.099999999999966 -136.98073355094917 145.7267258804776 0 0 0
-122.61999999999955 38.099999999999966 136.98073355094917 -145.7267258804776 0 0 0
-122.2999999999995 38.099999999999966 -189.36543102277068 64.34853171254404 0 0 0
-122.2999999999995 38.099999999999966 189.36543102277068 -64.34853171254404 0 0 0
-121.97999999999945 38.099999999999966 -169.82200670285604 105.64320157688853 0 0 0
-121.97999999999945 38.099999999999966 169.82200670285604 -105.64320157688853 0 0 0
-121.6599999999994 38.099999999999966 -146.86890332592614 135.75538750207946 0 0 0
-121.6599999999994 38.099999999999966 146.86890332592614 -135.75538750207946 0 0 0
-121.33999999999935 38.099999999999966 -122.87020329802019 157.80656875270807 0 0 0
-121.33999999999935 38.099999999999966 122.87020329802019 -157.80656875270807 0 0 0
-121.0199999999993 38.099999999999966 -84.73238753295401 181.16407619328206 0 0 0
-121.0199999999993 38.099999999999966 84.73238753295401 -181.16407619328206 0 0 0
-120.69999999999925 38.099999999999966 -42.98774373822846 195.32550752089804 0 0 0
-120.69999999999925 38.099999999999966 42.98774373822846 -195.32550752089804 0 0 0
-124.53999999999985 38.41999999999996 -143.87637590516238 138.92295870876208 0 0 0
-124.53999999999985 38.41999999999996 143.87637590516238 -138.92295870876208 0 0 0
-124.2199999999998 38.41999999999996 -143.84593453514455 -138.95447858097594 0 0 0
-124.2199999999998 38.41999999999996 143.84593453514455 138.95447858097594 0 0 0
-123.89999999999975 38.41999999999996 -143.28013962583353 -139.53781418956527 0 0 0
-123.89999999999975 38.41999999999996 143.28013962583353 139.53781418956527 0 0 0
-123.5799999999997 38.41999999999996 -133.96893218462438 148.5002532297892 0 0 0
-123.5799999999997 38.41999999999996 133.96893218462438 -148.5002532297892 0 0 0
-123.25999999999965 38.41999999999996 -182.57183447026986 81.65491570114062 0 0 0
-123.25999999999965 38.41999999999996 182.57183447026986 -81.65491570114062 0 0 0
-122.9399999999996 38.41999999999996 -167.9905612453953 -108.53189085451838 0 0 0
-122.9399999999996 38.41999999999996 167.9905612453953 108.53189085451838 0 0 0
-122.61999999999955 38.41999999999996 -136.98073355094917 145.7267258804776 0 0 0
-122.61999999999955 38.41999999999996 136.98073355094917 -145.7267258804776 0 0 0
-122.2999999999995 38.41999999999996 -189.36543102277068 64.34853171254404 0 0 0
-122.2999999999995 38.41999999999996 189.36543102277068 -64.34853171254404 0 0 0
-121.97999999999945 38.41999999999996 -169.82200670285604 105.64320157688853 0 0 0
-121.97999999999945 38.41999999999996 169.82200670285604 -105.64320157688853 0 0 0
-121.6599999999994 38.41999999999996 -146.86890332592614 135.75538750207946 0 0 0
-121.6599999999994 38.41999999999996 146.86890332592614 -135.75538750207946 0 0 0
-121.33999999999935 38.41999999999996 -122.87020329802019 157.80656875270807 0 0 0
-121.33999999999935 38.41999999999996 122.87020329802019 -157.80656875270807 0 0 0
-121.0199999999993 38.41999999999996 -84.73238753295401 181.16407619328206 0 0 0
-121.0199999999993 38.41999999999996 84.73238753295401 -181.16407619328206 0 0 0
-120.69999999999925 38.41999999999996 -42.98774373822846 195.32550752089804 0 0 0
-120.69999999999925 38.41999999999996 42.98774373822846 -195.32550752089804 0 0 0
-124.53999999999985 38.73999999999995 -143.87637590516238 138.92295870876208 0 0 0
-124.53999999999985 38.73999999999995 143.87637590516238 -138.92295870876208 0 0 0
-124.2199999999998 38.73999999999995 -143.84593453514455 -138.95447858097594 0 0 0
-124.2199999999998 38.73999999999995 143.84593453514455 138.95447858097594 0 0 0
-123.89999999999975 38.73999999999995 -143.28013962583353 -139.53781418956527 0 0 0
-123.89999999999975 38.73999999999995 143.28013962583353 139.53781418956527 0 0 0
-123.5799999999997 38.73999999999995 -133.96893218462438 148.5002532297892 0 0 0
-123.5799999999997 38.73999999999995 133.96893218462438 -148.5002532297892 0 0 0
-123.25999999999965 38.73999999999995 -182.57183447026986 81.65491570114062 0 0 0
-123.25999999999965 38.73999999999995 182.57183447026986 -81.65491570114062 0 0 0
-122.9399999999996 38.73999999999995 -167.9905612453953 -108.53189085451838 0 0 0
-122.9399999999996 38.73999999999995 167.9905612453953 108.53189085451838 0 0 0
-122.61999999999955 38.73999999999995 -136.98073355094917 145.7267258804776 0 0 0
-122.61999999999955 38.73999999999995 136.98073355094917 -145.7267258804776 0 0 0
-122.2999999999995 38.73999999999995 -189.36543102277068 64.34853171254404 0 0 0
-122.2999999999995 38.73999999999995 189.36543102277068 -64.34853171254404 0 0 0
-121.97999999999945 38.73999999999995 -169.82200670285604 105.64320157688853 0 0 0
-121.97999999999945 38.73999999999995 169.82200670285604 -105.64320157688853 0 0 0
-121.6599999999994 38.73999999999995 -146.86890332592614 135.75538750207946 0 0 0
-121.6599999999994 38.73999999999995 146.86890332592614 -135.75538750207946 0 0 0
-121.33999999999935 38.73999999999995 -122.87020329802019 157.80656875270807 0 0 0
-121.33999999999935 38.73999999999995 122.87020329802019 -157.80656875270807 0 0 0
-121.0199999999993 38.73999999999995 -84.73238753295401 181.16407619328206 0 0 0
-121.0199999999993 38.73999999999995 84.73238753295401 -181.16407619328206 0 0 0
-120.69999999999925 38.73999999999995 -42.98774373822846 195.32550752089804 0 0 0
-120.69999999999925 38.73999999999995 42.98774373822846 -195.32550752089804 0 0 0
-124.53999999999985 39.059999999999945 -143.87637590516238 138.92295870876208 0 0 0
-124.53999999999985 39.059999999999945 143.87637590516238 -138.92295870876208 0 0 0
-124.2199999999998 39.059999999999945 -143.84593453514455 -138.95447858097594 0 0 0
-124.2199999999998 39.059999999999945 143.84593453514455 138.95447858097594 0 0 0
-123.89999999999975 39.059999999999945 -143.28013962583353 -139.53781418956527 0 0 0
-123.89999999999975 39.059999999999945 143.28013962583353 139.53781418956527 0 0 0
-123.5799999999997 39.059999999999945 -133.96893218462438 148.5002532297892 0 0 0
-123.5799999999997 39.059999999999945 133.96893218462438 -148.5002532297892 0 0 0
-123.25999999999965 39.059999999999945 -182.57183447026986 81.65491570114062 0 0 0
-123.25999999999965 39.059999999999945 182.57183447026986 -81.65491570114062 0 0 0
-122.9399999999996 39.059999999999945 -167.9905612453953 -108.53189085451838 0 0 0
-122.9399999999996 39.059999999999945 167.9905612453953 108.53189085451838 0 0 0
-122.61999999999955 39.059999999999945 -136.98073355094917 145.7267258804776 0 0 0
-122.61999999999955 39.059999999999945 136.98073355094917 -145.7267258804776 0 0 0
-122.2999999999995 39.059999999999945 -189.36543102277068 64.34853171254404 0 0 0
-122.2999999999995 39.059999999999945 189.36543102277068 -64.34853171254404 0 0 0
-121.97999999999945 39.059999999999945 -169.82200670285604 105.64320157688853 0 0 0
-121.97999999999945 39.059999999999945 169.82200670285604 -105.64320157688853 0 0 0
-121.6599999999994 39.059999999999945 -146.86890332592614 135.75538750207946 0 0 0
-121.6599999999994 39.059999999999945 146.86890332592614 -135.75538750207946 0 0 0
-121.33999999999935 39.059999999999945 -122.87020329802019 157.80656875270807 0 0 0
-121.33999999999935 39.059999999999945 122.87020329802019 -157.80656875270807 0 0 0
-121.0199999999993 39.059999999999945 -84.73238753295401 181.16407619328206 0 0 0
-121.0199999999993 39.059999999999945 84.73238753295401 -181.16407619328206 0 0 0
-120.69999999999925 39.059999999999945 -42.98774373822846 195.32550752089804 0 0 0
-120.69999999999925 39.059999999999945 42.98774373822846 -195.32550752089804 0 0 0
-125.5 39.37999999999994 18.42805329070691 199.1492075101351 0 0 0
-125.5 39.37999999999994 -18.42805329070691 -199.1492075101351 0 0 0
-125.17999999999995 39.37999999999994 18.42805329070691 199.1492075101351 0 0 0
-125.17999999999995 39.37999999999994 -18.42805329070691 -199.1492075101351 0 0 0
-124.8599999999999 39.37999999999994 18.42805329070691 199.1492075101351 0 0 0
-124.8599999999999 39.37999999999994 -18.42805329070691 -199.1492075101351 0 0 0
-124.53999999999985 39.37999999999994 -126.14948740652594 155.197637955836 0 0 0
-124.53999999999985 39.37999999999994 126.14948740652594 -155.197637955836 0 0 0
-124.2199999999998 39.37999999999994 55.590659750405806 192.11891772679394 0 0 0
-124.2199999999998 39.37999999999994 -55.590659750405806 -192.11891772679394 0 0 0
-123.89999999999975 39.37999999999994 107.9348245897721 168.3748010860744 0 0 0
-123.89999999999975 39.37999999999994 -107.9348245897721 -168.3748010860744 0 0 0
-123.5799999999997 39.37999999999994 -104.21847040968757 170.70005982853397 0 0 0
-123.5799999999997 39.37999999999994 104.21847040968757 -170.70005982853397 0 0 0
-123.25999999999965 39.37999999999994 -169.9175523074911 -105.48945642968792 0 0 0
-123.25999999999965 39.37999999999994 169.9175523074911 105.48945642968792 0 0 0
-122.9399999999996 39.37999999999994 -187.4142607464684 69.82760821376286 0 0 0
-122.9399999999996 39.37999999999994 187.4142607464684 -69.82760821376286 0 0 0
-122.61999999999955 39.37999999999994 -29.511701928416738 197.81066566110198 0 0 0
-122.61999999999955 39.37999999999994 29.511701928416738 -197.81066566110198 0 0 0
-122.2999999999995 39.37999999999994 -165.43096282557005 112.39482434082477 0 0 0
-122.2999999999995 39.37999999999994 165.43096282557005 -112.39482434082477 0 0 0
-122.2999999999995 39.37999999999994 -112.39482434082477 -165.43096282557005 0 0 0
-122.2999999999995 39.37999999999994 112.39482434082477 165.43096282557005 0 0 0
-121.97999999999945 39.37999999999994 -128.75120064572923 153.04616405608854 0 0 0
-121.97999999999945 39.37999999999994 128.75120064572923 -153.04616405608854 0 0 0
-121.6599999999994 39.37999999999994 -66.0863153341379 188.76598985399065 0 0 0
-121.6599999999994 39.37999999999994 66.0863153341379 -188.76598985399065 0 0 0
-121.33999999999935 39.37999999999994 -33.114849643614704 197.2394654552704 0 0 0
-121.33999999999935 39.37999999999994 33.114849643614704 -197.2394654552704 0 0 0
-121.0199999999993 39.37999999999994 -11.655504749491143 199.66008416565037 0 0 0
-121.0199999999993 39.37999999999994 11.655504749491143 -199.66008416565037 0 0 0
-120.69999999999925 39.37999999999994 7.687342290515901 199.85220731457648 0 0 0
-120.69999999999925 39.37999999999994 -7.687342290515901 -199.85220731457648 0 0 0
-125.5 39.69999999999993 -199.88843283533336 -6.679402565681185 0 0 0
-125.5 39.69999999999993 199.88843283533336 6.679402565681185 0 0 0
-125.17999999999995 39.69999999999993 -199.88843283533336 -6.679402565681185 0 0 0
-125.17999999999995 39.69999999999993 199.88843283533336 6.679402565681185 0 0 0
-124.8599999999999 39.69999999999993 -199.88843283533336 -6.679402565681185 0 0 0
-124.8599999999999 39.69999999999993 199.88843283533336 6.679402565681185 0 0 0
-124.53999999999985 39.69999999999993 -173.92876531565068 98.7359336603109 0 0 0
-124.53999999999985 39.69999999999993 173.92876531565068 -98.7359336603109 0 0 0
-124.2199999999998 39.69999999999993 197.7461062825477 29.941233276058533 0 0 0
-124.2199999999998 39.69999999999993 -197.7461062825477 -29.941233276058533 0 0 0
-124.2199999999998 39.69999999999993 -29.941233276058533 197.7461062825477 0 0 0
-124.2199999999998 39.69999999999993 29.941233276058533 -197.7461062825477 0 0 0
-123.89999999999975 39.69999999999993 93.92498954144143 176.57320391169245 0 0 0
-123.89999999999975 39.69999999999993 -93.92498954144143 -176.57320391169245 0 0 0
-123.5799999999997 39.69999999999993 -150.37352314913787 -131.86282090003877 0 0 0
-123.5799999999997 39.69999999999993 150.37352314913787 131.86282090003877 0 0 0
-123.25999999999965 39.69999999999993 106.41708029419716 169.3381381191443 0 0 0
-123.25999999999965 39.69999999999993 -106.41708029419716 -169.3381381191443 0 0 0
-122.9399999999996 39.69999999999993 -78.15800265491158 184.09597122423628 0 0 0
-122.9399999999996 39.69999999999993 78.15800265491158 -184.09597122423628 0 0 0
-122.61999999999955 39.69999999999993 -186.2324057638054 -72.92112892314097 0 0 0
-122.61999999999955 39.69999999999993 186.2324057638054 72.92112892314097 0 0 0
-122.2999999999995 39.69999999999993 -113.15304995704936 164.91327201113162 0 0 0
-122.2999999999995 39.69999999999993 113.15304995704936 -164.91327201113162 0 0 0
-121.97999999999945 39.69999999999993 -160.4640543778848 119.37875544924744 0 0 0
-121.97999999999945 39.69999999999993 160.4640543778848 -119.37875544924744 0 0 0
-121.97999999999945 39.69999999999993 -119.37875544924744 -160.4640543778848 0 0 0
-121.97999999999945 39.69999999999993 119.37875544924744 160.4640543778848 0 0 0
-121.6599999999994 39.69999999999993 -126.83658980095143 154.63660461761694 0 0 0
-121.6599999999994 39.69999999999993 126.83658980095143 -154.63660461761694 0 0 0
-121.33999999999935 39.69999999999993 -85.38541567561947 180.8572110530893 0 0 0
-121.33999999999935 39.69999999999993 85.38541567561947 -180.8572110530893 0 0 0
-121.0199999999993 39.69999999999993 -33.25553933829604 197.2157932400928 0 0 0
-121.0199999999993 39.69999999999993 33.25553933829604 -197.2157932400928 0 0 0
-120.69999999999925 39.69999999999993 11.53950958802584 199.66682177684868 0 0 0
-120.69999999999925 39.69999999999993 -11.53950958802584 -199.66682177684868 0 0 0
-125.5 40.019999999999925 -199.8191571715011 -8.503201001443536 0 0 0
-125.5 40.019999999999925 199.8191571715011 8.503201001443536 0 0 0
-125.17999999999995 40.019999999999925 -199.8191571715011 -8.503201001443536 0 0 0
-125.17999999999995 40.019999999999925 199.8191571715011 8.503201001443536 0 0 0
-124.8599999999999 40.019999999999925 -199.8191571715011 -8.503201001443536 0 0 0
-124.8599999999999 40.019999999999925 199.8191571715011 8.503201001443536 0 0 0
-124.53999999999985 40.019999999999925 -189.66646639183102 63.455744629122655 0 0 0
-124.53999999999985 40.019999999999925 189.66646639183102 -63.455744629122655 0 0 0
-124.2199999999998 40.019999999999925 -187.24147967511334 70.28960299414221 0 0 0
-124.2199999999998 40.019999999999925 187.24147967511334 -70.28960299414221 0 0 0
-123.89999999999975 40.019999999999925 108.74127354362113 167.85510247862996 0 0 0
-123.89999999999975 40.019999999999925 -108.74127354362113 -167.85510247862996 0 0 0
-123.5799999999997 40.019999999999925 -9.587778435675807 199.7700540738486 0 0 0
-123.5799999999997 40.019999999999925 9.587778435675807 -199.7700540738486 0 0 0
-123.25999999999965 40.019999999999925 -185.21900376958303 -75.45807208379493 0 0 0
-123.25999999999965 40.019999999999925 185.21900376958303 75.45807208379493 0 0 0
-122.9399999999996 40.019999999999925 83.19672480123708 181.87442091274744 0 0 0
-122.9399999999996 40.019999999999925 -83.19672480123708 -181.87442091274744 0 0 0
-122.61999999999955 40.019999999999925 -180.2721577186397 86.61379307861938 0 0 0
-122.61999999999955 40.019999999999925 180.2721577186397 -86.61379307861938 0 0 0
-122.2999999999995 40.019999999999925 67.04490765656709 188.42765284671566 0 0 0
-122.2999999999995 40.019999999999925 -67.04490765656709 -188.42765284671566 0 0 0
-121.97999999999945 40.019999999999925 -191.35268964167005 58.173431795783735 0 0 0
-121.97999999999945 40.019999999999925 191.35268964167005 -58.173431795783735 0 0 0
-121.6599999999994 40.019999999999925 -181.54584167165035 83.91130657862541 0 0 0
-121.6599999999994 40.019999999999925 181.54584167165035 -83.91130657862541 0 0 0
-120.69999999999925 40.019999999999925 -195.6529982273301 -41.47172873966516 0 0 0
-120.69999999999925 40.019999999999925 195.6529982273301 41.47172873966516 0 0 0
-125.5 40.33999999999992 20.689548306177688 -0.5700636741831825 0 0 0
-125.5 40.33999999999992 -20.689548306177688 0.5700636741831825 0 0 0
-125.17999999999995 40.33999999999992 20.689548306177688 -0.5700636741831825 0 0 0
-125.17999999999995 40.33999999999992 -20.689548306177688 0.5700636741831825 0 0 0
-124.8599999999999 40.33999999999992 20.689548306177688 -0.5700636741831825 0 0 0
-124.8599999999999 40.33999999999992 -20.689548306177688 0.5700636741831825 0 0 0
-124.53999999999985 40.33999999999992 -157.96312043600952 122.66887372972313 0 0 0
-124.53999999999985 40.33999999999992 157.96312043600952 -122.66887372972313 0 0 0
-124.2199999999998 40.33999999999992 75.73509113997225 185.10590474109705 0 0 0
-124.2199999999998 40.33999999999992 -75.73509113997225 -185.10590474109705 0 0 0
-123.89999999999975 40.33999999999992 -152.6073601823752 129.27100842094023 0 0 0
-123.89999999999975 40.33999999999992 152.6073601823752 -129.27100842094023 0 0 0
-123.5799999999997 40.33999999999992 -184.92935390185917 -76.1651761991064 0 0 0
-123.5799999999997 40.33999999999992 184.92935390185917 76.1651761991064 0 0 0
-123.25999999999965 40.33999999999992 86.976941790916 180.09722817605942 0 0 0
-123.25999999999965 40.33999999999992 -86.976941790916 -180.09722817605942 0 0 0
-122.9399999999996 40.33999999999992 -199.8233262848852 -8.404657782700433 0 0 0
-122.9399999999996 40.33999999999992 199.8233262848852 8.404657782700433 0 0 0
-122.61999999999955 40.33999999999992 12.180980878113331 199.62871463005274 0 0 0
-122.61999999999955 40.33999999999992 -12.180980878113331 -199.62871463005274 0 0 0
-122.2999999999995 40.33999999999992 -199.5060078051174 14.0482329730266 0 0 0
-122.2999999999995 40.33999999999992 199.5060078051174 -14.0482329730266 0 0 0
-122.2999999999995 40.33999999999992 -14.0482329730266 -199.5060078051174 0 0 0
-122.2999999999995 40.33999999999992 14.0482329730266 199.5060078051174 0 0 0
-121.97999999999945 40.33999999999992 -139.6005800255151 143.21898636891603 0 0 0
-121.97999999999945 40.33999999999992 139.6005800255151 -143.21898636891603 0 0 0
-121.6599999999994 40.33999999999992 -84.64470621409946 181.205059835339 0 0 0
-121.6599999999994 40.33999999999992 84.64470621409946 -181.205059835339 0 0 0
-121.33999999999935 40.33999999999992 26.087760070538195 198.2912725626169 0 0 0
-121.33999999999935 40.33999999999992 -26.087760070538195 -198.2912725626169 0 0 0
-121.0199999999993 40.33999999999992 97.95694974351599 174.36867837127826 0 0 0
-121.0199999999993 40.33999999999992 -97.95694974351599 -174.36867837127826 0 0 0
-120.69999999999925 40.33999999999992 138.39827609403937 144.38115242024512 0 0 0
-120.69999999999925 40.33999999999992 -138.39827609403937 -144.38115242024512 0 0 0
-125.5 40.65999999999991 77.39677085394182 184.4172981620282 0 0 0
-125.5 40.65999999999991 -77.39677085394182 -184.4172981620282 0 0 0
-125.17999999999995 40.65999999999991 77.39677085394182 184.4172981620282 0 0 0
-125.17999999999995 40.65999999999991 -77.39677085394182 -184.4172981620282 0 0 0
-124.8599999999999 40.65999999999991 77.39677085394182 184.4172981620282 0 0 0
-124.8599999999999 40.65999999999991 -77.39677085394182 -184.4172981620282 0 0 0
-124.53999999999985 40.65999999999991 85.11559325323805 180.98435232126928 0 0 0
-124.53999999999985 40.65999999999991 -85.11559325323805 -180.98435232126928 0 0 0
-124.2199999999998 40.65999999999991 110.80669840670552 -27.46680111861765 0 0 0
-124.2199999999998 40.65999999999991 -110.80669840670552 27.46680111861765 0 0 0
-124.2199999999998 40.65999999999991 4.186724211491767 16.890102528188706 0 0 0
-124.2199999999998 40.65999999999991 -4.186724211491767 -16.890102528188706 0 0 0
-123.89999999999975 40.65999999999991 65.41533538691333 33.44658698909263 0 0 0
-123.89999999999975 40.65999999999991 -65.41533538691333 -33.44658698909263 0 0 0
-123.5799999999997 40.65999999999991 -186.7415288500223 71.60727199632937 0 0 0
-123.5799999999997 40.65999999999991 186.7415288500223 -71.60727199632937 0 0 0
-123.25999999999965 40.65999999999991 72.66276743248609 186.333363166805 0 0 0
-123.25999999999965 40.65999999999991 -72.66276743248609 -186.333363166805 0 0 0
-122.9399999999996 40.65999999999991 -184.92832683442086 76.16766987522732 0 0 0
-122.9399999999996 40.65999999999991 184.92832683442086 -76.16766987522732 0 0 0
-122.9399999999996 40.65999999999991 -76.16766987522732 -184.92832683442086 0 0 0
-122.9399999999996 40.65999999999991 76.16766987522732 184.92832683442086 0 0 0
-122.61999999999955 40.65999999999991 15.383646048647986 199.40748088838072 0 0 0
-122.61999999999955 40.65999999999991 -15.383646048647986 -199.40748088838072 0 0 0
-122.2999999999995 40.65999999999991 -199.64587240308904 11.896454615114788 0 0 0
-122.2999999999995 40.65999999999991 199.64587240308904 -11.896454615114788 0 0 0
-121.97999999999945 40.65999999999991 -65.79022100558446 188.86939090291034 0 0 0
-121.97999999999945 40.65999999999991 65.79022100558446 -188.86939090291034 0 0 0
-121.6599999999994 40.65999999999991 199.99997282832885 0.104252902676137 0 0 0
-121.6599999999994 40.65999999999991 -199.99997282832885 -0.104252902676137 0 0 0
-121.6599999999994 40.65999999999991 -0.104252902676137 199.99997282832885 0 0 0
-121.6599999999994 40.65999999999991 0.104252902676137 -199.99997282832885 0 0 0
-121.33999999999935 40.65999999999991 193.53924516230865 -50.42380967364309 0 0 0
-121.33999999999935 40.65999999999991 -193.53924516230865 50.42380967364309 0 0 0
-121.33999999999935 40.65999999999991 50.42380967364309 193.53924516230865 0 0 0
-121.33999999999935 40.65999999999991 -50.42380967364309 -193.53924516230865 0 0 0
-121.0199999999993 40.65999999999991 153.2152534911703 -128.5499362023818 0 0 0
-121.0199999999993 40.65999999999991 -153.2152534911703 128.5499362023818 0 0 0
-121.0199999999993 40.65999999999991 128.5499362023818 153.2152534911703 0 0 0
-121.0199999999993 40.65999999999991 -128.5499362023818 -153.2152534911703 0 0 0
-125.5 40.979999999999905 13.340521991712952 199.55458018544354 0 0 0
-125.5 40.979999999999905 -13.340521991712952 -199.55458018544354 0 0 0
-125.17999999999995 40.979999999999905 13.340521991712952 199.55458018544354 0 0 0
-125.17999999999995 40.979999999999905 -13.340521991712952 -199.55458018544354 0 0 0
-124.8599999999999 40.979999999999905 13.340521991712952 199.55458018544354 0 0 0
-124.8599999999999 40.979999999999905 -13.340521991712952 -199.55458018544354 0 0 0
-124.53999999999985 40.979999999999905 -68.61781237718775 187.86057549302106 0 0 0
-124.53999999999985 40.979999999999905 68.61781237718775 -187.86057549302106 0 0 0
-124.2199999999998 40.979999999999905 -104.86197678245892 170.3055073251451 0 0 0
-124.2199999999998 40.979999999999905 104.86197678245892 -170.3055073251451 0 0 0
-123.89999999999975 40.979999999999905 -103.67527834433317 171.03051382786944 0 0 0
-123.89999999999975 40.979999999999905 103.67527834433317 -171.03051382786944 0 0 0
-123.5799999999997 40.979999999999905 -194.36974745365484 47.12113405683741 0 0 0
-123.5799999999997 40.979999999999905 194.36974745365484 -47.12113405683741 0 0 0
-123.5799999999997 40.979999999999905 -47.12113405683741 -194.36974745365484 0 0 0
-123.5799999999997 40.979999999999905 47.12113405683741 194.36974745365484 0 0 0
-123.25999999999965 40.979999999999905 112.70675721050496 165.21860330813928 0 0 0
-123.25999999999965 40.979999999999905 -112.70675721050496 -165.21860330813928 0 0 0
-122.9399999999996 40.979999999999905 -43.46818134653483 195.21915175111474 0 0 0
-122.9399999999996 40.979999999999905 43.46818134653483 -195.21915175111474 0 0 0
-122.61999999999955 40.979999999999905 -153.58865437956177 128.10357233846184 0 0 0
-122.61999999999955 40.979999999999905 153.58865437956177 -128.10357233846184 0 0 0
-122.2999999999995 40.979999999999905 -89.87411888903338 178.6690872924578 0 0 0
-122.2999999999995 40.979999999999905 89.87411888903338 -178.6690872924578 0 0 0
-121.97999999999945 40.979999999999905 120.90248902736968 159.31913929903953 0 0 0
-121.97999999999945 40.979999999999905 -120.90248902736968 -159.31913929903953 0 0 0
-121.6599999999994 40.979999999999905 125.73989998272825 155.52966775613422 0 0 0
-121.6599999999994 40.979999999999905 -125.73989998272825 -155.52966775613422 0 0 0
-121.33999999999935 40.979999999999905 197.75799234437616 -29.862626540906493 0 0 0
-121.33999999999935 40.979999999999905 -197.75799234437616 29.862626540906493 0 0 0
-121.33999999999935 40.979999999999905 29.862626540906493 197.75799234437616 0 0 0
-121.33999999999935 40.979999999999905 -29.862626540906493 -197.75799234437616 0 0 0
-121.0199999999993 40.979999999999905 -137.78895153281704 144.96277051535333 0 0 0
-121.0199999999993 40.979999999999905 137.78895153281704 -144.96277051535333 0 0 0
-120.69999999999925 40.979999999999905 -134.23385029864104 148.26082906149566 0 0 0
-120.69999999999925 40.979999999999905 134.23385029864104 -148.26082906149566 0 0 0
-125.5 41.2999999999999 6.671683831458759 199.88869061268335 0 0 0
-125.5 41.2999999999999 -6.671683831458759 -199.88869061268335 0 0 0
-125.17999999999995 41.2999999999999 6.671683831458759 199.88869061268335 0 0 0
-125.17999999999995 41.2999999999999 -6.671683831458759 -199.88869061268335 0 0 0
-124.8599999999999 41.2999999999999 6.671683831458759 199.88869061268335 0 0 0
-124.8599999999999 41.2999999999999 -6.671683831458759 -199.88869061268335 0 0 0
-124.53999999999985 41.2999999999999 -118.4251930843865 161.16908401714574 0 0 0
-124.53999999999985 41.2999999999999 118.4251930843865 -161.16908401714574 0 0 0
-124.2199999999998 41.2999999999999 -140.46912440239382 142.3672191539359 0 0 0
-124.2199999999998 41.2999999999999 140.46912440239382 -142.3672191539359 0 0 0
-123.89999999999975 41.2999999999999 -106.45250642145629 169.31587012619286 0 0 0
-123.89999999999975 41.2999999999999 106.45250642145629 -169.31587012619286 0 0 0
-123.5799999999997 41.2999999999999 -172.68477124062662 -100.89583629452923 0 0 0
-123.5799999999997 41.2999999999999 172.68477124062662 100.89583629452923 0 0 0
-123.25999999999965 41.2999999999999 105.97670778995277 169.61408374897107 0 0 0
-123.25999999999965 41.2999999999999 -105.97670778995277 -169.61408374897107 0 0 0
-122.9399999999996 41.2999999999999 -6.77067121374398 199.88536217371043 0 0 0
-122.9399999999996 41.2999999999999 6.77067121374398 -199.88536217371043 0 0 0
-122.61999999999955 41.2999999999999 -151.8698820513045 130.1366163910944 0 0 0
-122.61999999999955 41.2999999999999 151.8698820513045 -130.1366163910944 0 0 0
-122.2999999999995 41.2999999999999 -197.93333965043797 28.67739623509003 0 0 0
-122.2999999999995 41.2999999999999 197.93333965043797 -28.67739623509003 0 0 0
-122.2999999999995 41.2999999999999 -28.67739623509003 -197.93333965043797 0 0 0
-122.2999999999995 41.2999999999999 28.67739623509003 197.93333965043797 0 0 0
-121.97999999999945 41.2999999999999 -199.9457858956608 4.656468894621253 0 0 0
-121.97999999999945 41.2999999999999 199.9457858956608 -4.656468894621253 0 0 0
-121.6599999999994 41.2999999999999 -195.21137703277853 43.50308353400237 0 0 0
-121.6599999999994 41.2999999999999 195.21137703277853 -43.50308353400237 0 0 0
-121.0199999999993 41.2999999999999 -59.52373485946789 190.93696600810375 0 0 0
-121.0199999999993 41.2999999999999 59.52373485946789 -190.93696600810375 0 0 0
-120.69999999999925 41.2999999999999 73.08205861801098 186.1693119398404 0 0 0
-120.69999999999925 41.2999999999999 -73.08205861801098 -186.1693119398404 0 0 0
-125.5 41.61999999999989 -198.7485198790641 22.33888640647209 0 0 0
-125.5 41.61999999999989 198.7485198790641 -22.33888640647209 0 0 0
-125.17999999999995 41.61999999999989 -198.7485198790641 22.33888640647209 0 0 0
-125.17999999999995 41.61999999999989 198.7485198790641 -22.33888640647209 0 0 0
-124.8599999999999 41.61999999999989 -198.7485198790641 22.33888640647209 0 0 0
-124.8599999999999 41.61999999999989 198.7485198790641 -22.33888640647209 0 0 0
-124.53999999999985 41.61999999999989 -146.8045532047858 135.82497251368474 0 0 0
-124.53999999999985 41.61999999999989 146.8045532047858 -135.82497251368474 0 0 0
-124.2199999999998 41.61999999999989 -160.00120293876523 119.99839606489775 0 0 0
-124.2199999999998 41.61999999999989 160.00120293876523 -119.99839606489775 0 0 0
-123.89999999999975 41.61999999999989 -114.66392448566616 163.86636147039286 0 0 0
-123.89999999999975 41.61999999999989 114.66392448566616 -163.86636147039286 0 0 0
-123.5799999999997 41.61999999999989 -153.54472100616982 -128.15622751601842 0 0 0
-123.5799999999997 41.61999999999989 153.54472100616982 128.15622751601842 0 0 0
-123.25999999999965 41.61999999999989 -199.98272044534372 -2.6289776110685863 0 0 0
-123.25999999999965 41.61999999999989 199.98272044534372 2.6289776110685863 0 0 0
-123.25999999999965 41.61999999999989 -1.44398009752228 109.84158516818371 0 0 0
-123.25999999999965 41.61999999999989 1.44398009752228 -109.84158516818371 0 0 0
-122.61999999999955 41.61999999999989 -172.8040688610108 -100.6913789014682 0 0 0
-122.61999999999955 41.61999999999989 172.8040688610108 100.6913789014682 0 0 0
-122.2999999999995 41.61999999999989 -170.63565582931466 -104.32388489554863 0 0 0
-122.2999999999995 41.61999999999989 170.63565582931466 104.32388489554863 0 0 0
-121.6599999999994 41.61999999999989 -187.65921481416333 69.16660390196772 0 0 0
-121.6599999999994 41.61999999999989 187.65921481416333 -69.16660390196772 0 0 0
-121.33999999999935 41.61999999999989 -192.65186826391064 53.71459442669941 0 0 0
-121.33999999999935 41.61999999999989 192.65186826391064 -53.71459442669941 0 0 0
-121.0199999999993 41.61999999999989 -184.07422849582613 -78.20919641363406 0 0 0
-121.0199999999993 41.61999999999989 184.07422849582613 78.20919641363406 0 0 0
-120.69999999999925 41.61999999999989 -159.03940840195972 -121.27022130413823 0 0 0
-120.69999999999925 41.61999999999989 159.03940840195972 121.27022130413823 0 0 0
-125.5 41.939999999999884 -199.46790009103637 14.579328971949945 0 0 0
-125.5 41.939999999999884 199.46790009103637 -14.579328971949945 0 0 0
-125.17999999999995 41.939999999999884 -199.46790009103637 14.579328971949945 0 0 0
-125.17999999999995 41.939999999999884 199.46790009103637 -14.579328971949945 0 0 0
-124.8599999999999 41.939999999999884 -199.46790009103637 14.579328971949945 0 0 0
-124.8599999999999 41.939999999999884 199.46790009103637 -14.579328971949945 0 0 0
-124.53999999999985 41.939999999999884 -173.36094293790867 99.72955160672875 0 0 0
-124.53999999999985 41.939999999999884 173.36094293790867 -99.72955160672875 0 0 0
-124.2199999999998 41.939999999999884 -88.47174365192717 179.36764082517135 0 0 0
-124.2199999999998 41.939999999999884 88.47174365192717 -179.36764082517135 0 0 0
-123.89999999999975 41.939999999999884 -156.12321449638068 125.00216756247514 0 0 0
-123.89999999999975 41.939999999999884 156.12321449638068 -125.00216756247514 0 0 0
-123.5799999999997 41.939999999999884 93.65034288652058 176.7190235295485 0 0 0
-123.5799999999997 41.939999999999884 -93.65034288652058 -176.7190235295485 0 0 0
-123.25999999999965 41.939999999999884 -198.61448226594567 23.50079645948956 0 0 0
-123.25999999999965 41.939999999999884 198.61448226594567 -23.50079645948956 0 0 0
-123.25999999999965 41.939999999999884 -23.50079645948956 -198.61448226594567 0 0 0
-123.25999999999965 41.939999999999884 23.50079645948956 198.61448226594567 0 0 0
-122.61999999999955 41.939999999999884 -170.85708357609417 -103.96084355117348 0 0 0
-122.61999999999955 41.939999999999884 170.85708357609417 103.96084355117348 0 0 0
-121.97999999999945 41.939999999999884 40.026624070637276 195.95374292293545 0 0 0
-121.97999999999945 41.939999999999884 -40.026624070637276 -195.95374292293545 0 0 0
-121.6599999999994 41.939999999999884 160.17616419078132 -119.76475451954907 0 0 0
-121.6599999999994 41.939999999999884 -160.17616419078132 119.76475451954907 0 0 0
-121.6599999999994 41.939999999999884 119.76475451954907 160.17616419078132 0 0 0
-121.6599999999994 41.939999999999884 -119.76475451954907 -160.17616419078132 0 0 0
-121.33999999999935 41.939999999999884 -198.13737095183694 -27.232007496586764 0 0 0
-121.33999999999935 41.939999999999884 198.13737095183694 27.232007496586764 0 0 0
-121.33999999999935 41.939999999999884 27.232007496586764 -198.13737095183694 0 0 0
-121.33999999999935 41.939999999999884 -27.232007496586764 198.13737095183694 0 0 0
-121.0199999999993 41.939999999999884 -198.91176520179337 -20.83529851733895 0 0 0
-121.0199999999993 41.939999999999884 198.91176520179337 20.83529851733895 0 0 0
-120.69999999999925 41.939999999999884 -199.97281372212333 3.297540304069128 0 0 0
-120.69999999999925 41.939999999999884 199.97281372212333 -3.297540304069128 0 0 0
-125.5 42.25999999999988 108.53511088106504 4.274097872665392 0 0 0
-125.5 42.25999999999988 -108.53511088106504 -4.274097872665392 0 0 0
-125.17999999999995 42.25999999999988 108.53511088106504 4.274097872665392 0 0 0
-125.17999999999995 42.25999999999988 -108.53511088106504 -4.274097872665392 0 0 0
-124.8599999999999 42.25999999999988 108.53511088106504 4.274097872665392 0 0 0
-124.8599999999999 42.25999999999988 -108.53511088106504 -4.274097872665392 0 0 0
-124.53999999999985 42.25999999999988 -194.45847534810295 -46.753624087243054 0 0 0
-124.53999999999985 42.25999999999988 194.45847534810295 46.753624087243054 0 0 0
-124.2199999999998 42.25999999999988 -35.17498028837976 196.8825049660637 0 0 0
-124.2199999999998 42.25999999999988 35.17498028837976 -196.8825049660637 0 0 0
-123.89999999999975 42.25999999999988 -198.8399986429835 -21.50941513984816 0 0 0
-123.89999999999975 42.25999999999988 198.8399986429835 21.50941513984816 0 0 0
-123.89999999999975 42.25999999999988 21.50941513984816 -198.8399986429835 0 0 0
-123.89999999999975 42.25999999999988 -21.50941513984816 198.8399986429835 0 0 0
-123.5799999999997 42.25999999999988 7.8223321443814395 -28.42629902682229 0 0 0
-123.5799999999997 42.25999999999988 -7.8223321443814395 28.42629902682229 0 0 0
-123.25999999999965 42.25999999999988 -196.64105108219587 36.50064423115341 0 0 0
-123.25999999999965 42.25999999999988 196.64105108219587 -36.50064423115341 0 0 0
-122.9399999999996 42.25999999999988 -194.1376303964572 -48.06849762628912 0 0 0
-122.9399999999996 42.25999999999988 194.1376303964572 48.06849762628912 0 0 0
-122.61999999999955 42.25999999999988 -157.7129927266222 -122.99029199580112 0 0 0
-122.61999999999955 42.25999999999988 157.7129927266222 122.99029199580112 0 0 0
-122.2999999999995 42.25999999999988 -136.11683738700864 146.53397756069626 0 0 0
-122.2999999999995 42.25999999999988 136.11683738700864 -146.53397756069626 0 0 0
-121.97999999999945 42.25999999999988 -4.9720124002141795 199.93818817997757 0 0 0
-121.97999999999945 42.25999999999988 4.9720124002141795 -199.93818817997757 0 0 0
-121.6599999999994 42.25999999999988 92.79902824354953 177.16754882611235 0 0 0
-121.6599999999994 42.25999999999988 -92.79902824354953 -177.16754882611235 0 0 0
-121.33999999999935 42.25999999999988 169.19052997383446 -106.65160367839302 0 0 0
-121.33999999999935 42.25999999999988 -169.19052997383446 106.65160367839302 0 0 0
-121.33999999999935 42.25999999999988 106.65160367839302 169.19052997383446 0 0 0
-121.33999999999935 42.25999999999988 -106.65160367839302 -169.19052997383446 0 0 0
-121.0199999999993 42.25999999999988 -194.00018068593786 48.62026217353696 0 0 0
-121.0199999999993 42.25999999999988 194.00018068593786 -48.62026217353696 0 0 0
-120.69999999999925 42.25999999999988 -189.4218676745235 64.18220973677451 0 0 0
-120.69999999999925 42.25999999999988 189.4218676745235 -64.18220973677451 0 0 0
-125.5 42.57999999999987 52.739700236246556 192.92103052542214 0 0 0
-125.5 42.57999999999987 -52.739700236246556 -192.92103052542214 0 0 0
-125.17999999999995 42.57999999999987 52.739700236246556 192.92103052542214 0 0 0
-125.17999999999995 42.57999999999987 -52.739700236246556 -192.92103052542214 0 0 0
-124.8599999999999 42.57999999999987 52.739700236246556 192.92103052542214 0 0 0
-124.8599999999999 42.57999999999987 -52.739700236246556 -192.92103052542214 0 0 0
-124.53999999999985 42.57999999999987 -143.63639173284056 -139.17107088030173 0 0 0
-124.53999999999985 42.57999999999987 143.63639173284056 139.17107088030173 0 0 0
-123.89999999999975 42.57999999999987 -144.1972601465354 -138.58986314385476 0 0 0
-123.89999999999975 42.57999999999987 144.1972601465354 138.58986314385476 0 0 0
-123.89999999999975 42.57999999999987 -115.95699312656343 120.64865585677938 0 0 0
-123.89999999999975 42.57999999999987 115.95699312656343 -120.64865585677938 0 0 0
-123.5799999999997 42.57999999999987 -179.77321720708252 87.64468252561093 0 0 0
-123.5799999999997 42.57999999999987 179.77321720708252 -87.64468252561093 0 0 0
-123.25999999999965 42.57999999999987 -173.3575237159043 99.73549504108195 0 0 0
-123.25999999999965 42.57999999999987 173.3575237159043 -99.73549504108195 0 0 0
-122.9399999999996 42.57999999999987 -199.40566214829084 15.407202964901948 0 0 0
-122.9399999999996 42.57999999999987 199.40566214829084 -15.407202964901948 0 0 0
-122.9399999999996 42.57999999999987 -15.407202964901948 -199.40566214829084 0 0 0
-122.9399999999996 42.57999999999987 15.407202964901948 199.40566214829084 0 0 0
-122.61999999999955 42.57999999999987 -29.13265443041989 197.86684524153546 0 0 0
-122.61999999999955 42.57999999999987 29.13265443041989 -197.86684524153546 0 0 0
-122.2999999999995 42.57999999999987 -166.30600254935007 111.09596534553165 0 0 0
-122.2999999999995 42.57999999999987 166.30600254935007 -111.09596534553165 0 0 0
-121.97999999999945 42.57999999999987 -197.95683792878398 28.514738596682935 0 0 0
-121.97999999999945 42.57999999999987 197.95683792878398 -28.514738596682935 0 0 0
-121.6599999999994 42.57999999999987 133.54166471459575 148.88459888535985 0 0 0
-121.6599999999994 42.57999999999987 -133.54166471459575 -148.88459888535985 0 0 0
-121.33999999999935 42.57999999999987 8.88298806841024 199.8026339240213 0 0 0
-121.33999999999935 42.57999999999987 -8.88298806841024 -199.8026339240213 0 0 0
-121.0199999999993 42.57999999999987 -78.80323813048446 183.82069975971194 0 0 0
-121.0199999999993 42.57999999999987 78.80323813048446 -183.82069975971194 0 0 0
-120.69999999999925 42.57999999999987 -159.23044854092603 121.01927225634566 0 0 0
-120.69999999999925 42.57999999999987 159.23044854092603 -121.01927225634566 0 0 0
