-124.53999999999985 36.5 -138.92295870876208 -143.87637590516238 0 0 0
-124.53999999999985 36.5 138.92295870876208 143.87637590516238 0 0 0
-124.2199999999998 36.5 138.95447858097594 -143.84593453514455 0 0 0
-124.2199999999998 36.5 -138.95447858097594 143.84593453514455 0 0 0
-123.89999999999975 36.5 139.53781418956527 -143.28013962583353 0 0 0
-123.89999999999975 36.5 -139.53781418956527 143.28013962583353 0 0 0
-123.5799999999997 36.5 148.5002532297892 133.96893218462438 0 0 0
-123.5799999999997 36.5 -148.5002532297892 -133.96893218462438 0 0 0
-123.25999999999965 36.5 -81.65491570114062 -182.57183447026986 0 0 0
-123.25999999999965 36.5 81.65491570114062 182.57183447026986 0 0 0
-122.9399999999996 36.5 108.53189085451838 -167.9905612453953 0 0 0
-122.9399999999996 36.5 -108.53189085451838 167.9905612453953 0 0 0
-122.61999999999955 36.5 145.7267258804776 136.98073355094917 0 0 0
-122.61999999999955 36.5 -145.7267258804776 -136.98073355094917 0 0 0
-122.2999999999995 36.5 -64.34853171254404 -189.36543102277068 0 0 0
-122.2999999999995 36.5 64.34853171254404 189.36543102277068 0 0 0
-121.97999999999945 36.5 -105.64320157688853 -169.82200670285604 0 0 0
-121.97999999999945 36.5 105.64320157688853 169.82200670285604 0 0 0
-121.6599999999994 36.5 -135.75538750207946 -146.86890332592614 0 0 0
-121.6599999999994 36.5 135.75538750207946 146.86890332592614 0 0 0
-121.33999999999935 36.5 157.80656875270807 122.87020329802019 0 0 0
-121.33999999999935 36.5 -157.80656875270807 -122.87020329802019 0 0 0
-121.0199999999993 36.5 181.16407619328206 84.73238753295401 0 0 0
-121.0199999999993 36.5 -181.16407619328206 -84.73238753295401 0 0 0
-120.69999999999925 36.5 195.32550752089804 42.98774373822846 0 0 0
-120.69999999999925 36.5 -195.32550752089804 -42.98774373822846 0 0 0
-124.53999999999985 36.81999999999999 -138.92295870876208 -143.87637590516238 0 0 0
-124.53999999999985 36.81999999999999 138.92295870876208 143.87637590516238 0 0 0
-124.2199999999998 36.81999999999999 138.95447858097594 -143.84593453514455 0 0 0
-124.2199999999998 36.81999999999999 -138.95447858097594 143.84593453514455 0 0 0
-123.89999999999975 36.81999999999999 139.53781418956527 -143.28013962583353 0 0 0
-123.89999999999975 36.81999999999999 -139.53781418956527 143.28013962583353 0 0 0
-123.5799999999997 36.81999999999999 148.5002532297892 133.96893218462438 0 0 0
-123.5799999999997 36.81999999999999 -148.5002532297892 -133.96893218462438 0 0 0
-123.25999999999965 36.81999999999999 -81.65491570114062 -182.57183447026986 0 0 0
-123.25999999999965 36.81999999999999 81.65491570114062 182.57183447026986 0 0 0
-122.9399999999996 36.81999999999999 108.53189085451838 -167.9905612453953 0 0 0
-122.9399999999996 36.81999999999999 -108.53189085451838 167.9905612453953 0 0 0
-122.61999999999955 36.81999999999999 145.7267258804776 136.98073355094917 0 0 0
-122.61999999999955 36.81999999999999 -145.7267258804776 -136.98073355094917 0 0 0
-122.2999999999995 36.81999999999999 -64.34853171254404 -189.36543102277068 0 0 0
-122.2999999999995 36.81999999999999 64.34853171254404 189.36543102277068 0 0 0
-121.97999999999945 36.81999999999999 -105.64320157688853 -169.82200670285604 0 0 0
-121.97999999999945 36.81999999999999 105.64320157688853 169.82200670285604 0 0 0
-121.6599999999994 36.81999999999999 -135.75538750207946 -146.86890332592614 0 0 0
-121.6599999999994 36.81999999999999 135.75538750207946 146.86890332592614 0 0 0
-121.33999999999935 36.81999999999999 157.80656875270807 122.87020329802019 0 0 0
-121.33999999999935 36.81999999999999 -157.80656875270807 -122.87020329802019 0 0 0
-121.0199999999993 36.81999999999999 181.16407619328206 84.73238753295401 0 0 0
-121.0199999999993 36.81999999999999 -181.16407619328206 -84.73238753295401 0 0 0
-120.69999999999925 36.81999999999999 195.32550752089804 42.98774373822846 0 0 0
-120.69999999999925 36.81999999999999 -195.32550752089804 -42.98774373822846 0 0 0
-124.53999999999985 37.139999999999986 -138.92295870876208 -143.87637590516238 0 0 0
-124.53999999999985 37.139999999999986 138.92295870876208 143.87637590516238 0 0 0
-124.2199999999998 37.139999999999986 138.95447858097594 -143.84593453514455 0 0 0
-124.2199999999998 37.139999999999986 -138.95447858097594 143.84593453514455 0 0 0
-123.89999999999975 37.139999999999986 139.53781418956527 -143.28013962583353 0 0 0
-123.89999999999975 37.139999999999986 -139.53781418956527 143.28013962583353 0 0 0
-123.5799999999997 37.139999999999986 148.5002532297892 133.96893218462438 0 0 0
-123.5799999999997 37.139999999999986 -148.5002532297892 -133.96893218462438 0 0 0
-123.25999999999965 37.139999999999986 -81.65491570114062 -182.57183447026986 0 0 0
-123.25999999999965 37.139999999999986 81.65491570114062 182.57183447026986 0 0 0
-122.9399999999996 37.139999999999986 108.53189085451838 -167.9905612453953 0 0 0
-122.9399999999996 37.139999999999986 -108.53189085451838 167.9905612453953 0 0 0
-122.61999999999955 37.139999999999986 145.7267258804776 136.98073355094917 0 0 0
-122.61999999999955 37.139999999999986 -145.7267258804776 -136.98073355094917 0 0 0
-122.2999999999995 37.139999999999986 -64.34853171254404 -189.36543102277068 0 0 0
-122.2999999999995 37.139999999999986 64.34853171254404 189.36543102277068 0 0 0
-121.97999999999945 37.139999999999986 -105.64320157688853 -169.82200670285604 0 0 0
-121.97999999999945 37.139999999999986 105.64320157688853 169.82200670285604 0 0 0
-121.6599999999994 37.139999999999986 -135.75538750207946 -146.86890332592614 0 0 0
-121.6599999999994 37.139999999999986 135.75538750207946 146.86890332592614 0 0 0
-121.33999999999935 37.139999999999986 157.80656875270807 122.87020329802019 0 0 0
-121.33999999999935 37.139999999999986 -157.80656875270807 -122.87020329802019 0 0 0
-121.0199999999993 37.139999999999986 181.16407619328206 84.73238753295401 0 0 0
-121.0199999999993 37.139999999999986 -181.16407619328206 -84.73238753295401 0 0 0
-120.69999999999925 37.139999999999986 195.32550752089804 42.98774373822846 0 0 0
-120.69999999999925 37.139999999999986 -195.32550752089804 -42.98774373822846 0 0 0
-124.53999999999985 37.45999999999998 -138.92295870876208 -143.87637590516238 0 0 0
-124.53999999999985 37.45999999999998 138.92295870876208 143.87637590516238 0 0 0
-124.2199999999998 37.45999999999998 138.95447858097594 -143.84593453514455 0 0 0
-124.2199999999998 37.45999999999998 -138.95447858097594 143.84593453514455 0 0 0
-123.89999999999975 37.45999999999998 139.53781418956527 -143.28013962583353 0 0 0
-123.89999999999975 37.45999999999998 -139.53781418956527 143.28013962583353 0 0 0
-123.5799999999997 37.45999999999998 148.5002532297892 133.96893218462438 0 0 0
-123.5799999999997 37.45999999999998 -148.5002532297892 -133.96893218462438 0 0 0
-123.25999999999965 37.45999999999998 -81.65491570114062 -182.57183447026986 0 0 0
-123.25999999999965 37.45999999999998 81.65491570114062 182.57183447026986 0 0 0
-122.9399999999996 37.45999999999998 108.53189085451838 -167.9905612453953 0 0 0
-122.9399999999996 37.45999999999998 -108.53189085451838 167.9905612453953 0 0 0
-122.61999999999955 37.45999999999998 145.7267258804776 136.98073355094917 0 0 0
-122.61999999999955 37.45999999999998 -145.7267258804776 -136.98073355094917 0 0 0
-122.2999999999995 37.45999999999998 -64.34853171254404 -189.36543102277068 0 0 0
-122.2999999999995 37.45999999999998 64.34853171254404 189.36543102277068 0 0 0
-121.97999999999945 37.45999999999998 -105.64320157688853 -169.82200670285604 0 0 0
-121.97999999999945 37.45999999999998 105.64320157688853 169.82200670285604 0 0 0
-121.6599999999994 37.45999999999998 -135.75538750207946 -146.86890332592614 0 0 0
-121.6599999999994 37.45999999999998 135.75538750207946 146.86890332592614 0 0 0
-121.33999999999935 37.45999999999998 157.80656875270807 122.87020329802019 0 0 0
-121.33999999999935 37.45999999999998 -157.80656875270807 -122.87020329802019 0 0 0
-121.0199999999993 37.45999999999998 181.16407619328206 84.73238753295401 0 0 0
-121.0199999999993 37.45999999999998 -181.16407619328206 -84.73238753295401 0 0 0
-120.69999999999925 37.45999999999998 195.32550752089804 42.98774373822846 0 0 0
-120.69999999999925 37.45999999999998 -195.32550752089804 -42.98774373822846 0 0 0
-124.53999999999985 37.77999999999997 -138.92295870876208 -143.87637590516238 0 0 0
-124.53999999999985 37.77999999999997 138.92295870876208 143.87637590516238 0 0 0
-124.2199999999998 37.77999999999997 138.95447858097594 -143.84593453514455 0 0 0
-124.2199999999998 37.77999999999997 -138.95447858097594 143.84593453514455 0 0 0
-123.89999999999975 37.77999999999997 139.53781418956527 -143.28013962583353 0 0 0
-123.89999999999975 37.77999999999997 -139.53781418956527 143.28013962583353 0 0 0
-123.5799999999997 37.77999999999997 148.5002532297892 133.96893218462438 0 0 0
-123.5799999999997 37.77999999999997 -148.5002532297892 -133.96893218462438 0 0 0
-123.25999999999965 37.77999999999997 -81.65491570114062 -182.57183447026986 0 0 0
-123.25999999999965 37.77999999999997 81.65491570114062 182.57183447026986 0 0 0
-122.9399999999996 37.77999999999997 108.53189085451838 -167.9905612453953 0 0 0
-122.9399999999996 37.77999999999997 -108.53189085451838 167.9905612453953 0 0 0
-122.61999999999955 37.77999999999997 145.7267258804776 136.98073355094917 0 0 0
-122.61999999999955 37.77999999999997 -145.7267258804776 -136.98073355094917 0 0 0
-122.2999999999995 37.77999999999997 -64.34853171254404 -189.36543102277068 0 0 0
-122.2999999999995 37.77999999999997 64.34853171254404 189.36543102277068 0 0 0
-121.97999999999945 37.77999999999997 -105.64320157688853 -169.82200670285604 0 0 0
-121.97999999999945 37.77999999999997 105.64320157688853 169.82200670285604 0 0 0
-121.6599999999994 37.77999999999997 -135.75538750207946 -146.86890332592614 0 0 0
-121.6599999999994 37.77999999999997 135.75538750207946 146.86890332592614 0 0 0
-121.33999999999935 37.77999999999997 157.80656875270807 122.87020329802019 0 0 0
-121.33999999999935 37.77999999999997 -157.80656875270807 -122.87020329802019 0 0 0
-121.0199999999993 37.77999999999997 181.16407619328206 84.73238753295401 0 0 0
-121.0199999999993 37.77999999999997 -181.16407619328206 -84.73238753295401 0 0 0
-120.69999999999925 37.77999999999997 195.32550752089804 42.98774373822846 0 0 0
-120.69999999999925 37.77999999999997 -195.32550752089804 -42.98774373822846 0 0 0
-124.53999999999985 38.099999999999966 -138.92295870876208 -143.87637590516238 0 0 0
-124.53999999999985 38.099999999999966 138.92295870876208 143.87637590516238 0 0 0
-124.2199999999998 38.099999999999966 138.95447858097594 -143.84593453514455 0 0 0
-124.2199999999998 38.099999999999966 -138.95447858097594 143.84593453514455 0 0 0
-123.89999999999975 38.099999999999966 139.53781418956527 -143.28013962583353 0 0 0
-123.89999999999975 38.099999999999966 -139.53781418956527 143.28013962583353 0 0 0
-123.5799999999997 38.099999999999966 148.5002532297892 133.96893218462438 0 0 0
-123.5799999999997 38.099999999999966 -148.5002532297892 -133.96893218462438 0 0 0
-123.25999999999965 38.099999999999966 -81.65491570114062 -182.57183447026986 0 0 0
-123.25999999999965 38.099999999999966 81.65491570114062 182.57183447026986 0 0 0
-122.9399999999996 38.099999999999966 108.53189085451838 -167.9905612453953 0 0 0
-122.9399999999996 38.099999999999966 -108.53189085451838 167.9905612453953 0 0 0
-122.61999999999955 38.099999999999966 145.7267258804776 136.98073355094917 0 0 0
-122.61999999999955 38.099999999999966 -145.7267258804776 -136.98073355094917 0 0 0
-122.2999999999995 38.099999999999966 -64.34853171254404 -189.36543102277068 0 0 0
-122.2999999999995 38.099999999999966 64.34853171254404 189.36543102277068 0 0 0
-121.97999999999945 38.099999999999966 -105.64320157688853 -169.82200670285604 0 0 0
-121.97999999999945 38.099999999999966 105.64320157688853 169.82200670285604 0 0 0
-121.6599999999994 38.099999999999966 -135.75538750207946 -146.86890332592614 0 0 0
-121.6599999999994 38.099999999999966 135.75538750207946 146.86890332592614 0 0 0
-121.33999999999935 38.099999999999966 157.80656875270807 122.87020329802019 0 0 0
-121.33999999999935 38.099999999999966 -157.80656875270807 -122.87020329802019 0 0 0
-121.0199999999993 38.099999999999966 181.16407619328206 84.73238753295401 0 0 0
-121.0199999999993 38.099999999999966 -181.16407619328206 -84.73238753295401 0 0 0
-120.69999999999925 38.099999999999966 195.32550752089804 42.98774373822846 0 0 0
-120.69999999999925 38.099999999999966 -195.32550752089804 -42.98774373822846 0 0 0
-124.53999999999985 38.41999999999996 -138.92295870876208 -143.87637590516238 0 0 0
-124.53999999999985 38.41999999999996 138.92295870876208 143.87637590516238 0 0 0
-124.2199999999998 38.41999999999996 138.95447858097594 -143.84593453514455 0 0 0
-124.2199999999998 38.41999999999996 -138.95447858097594 143.84593453514455 0 0 0
-123.89999999999975 38.41999999999996 139.53781418956527 -143.28013962583353 0 0 0
-123.89999999999975 38.41999999999996 -139.53781418956527 143.28013962583353 0 0 0
-123.5799999999997 38.41999999999996 148.5002532297892 133.96893218462438 0 0 0
-123.5799999999997 38.41999999999996 -148.5002532297892 -133.96893218462438 0 0 0
-123.25999999999965 38.41999999999996 -81.65491570114062 -182.57183447026986 0 0 0
-123.25999999999965 38.41999999999996 81.65491570114062 182.57183447026986 0 0 0
-122.9399999999996 38.41999999999996 108.53189085451838 -167.9905612453953 0 0 0
-122.9399999999996 38.41999999999996 -108.53189085451838 167.9905612453953 0 0 0
-122.61999999999955 38.41999999999996 145.7267258804776 136.98073355094917 0 0 0
-122.61999999999955 38.41999999999996 -145.7267258804776 -136.98073355094917 0 0 0
-122.2999999999995 38.41999999999996 -64.34853171254404 -189.36543102277068 0 0 0
-122.2999999999995 38.41999999999996 64.34853171254404 189.36543102277068 0 0 0
-121.97999999999945 38.41999999999996 -105.64320157688853 -169.82200670285604 0 0 0
-121.97999999999945 38.41999999999996 105.64320157688853 169.82200670285604 0 0 0
-121.6599999999994 38.41999999999996 -135.75538750207946 -146.86890332592614 0 0 0
-121.6599999999994 38.41999999999996 135.75538750207946 146.86890332592614 0 0 0
-121.33999999999935 38.41999999999996 157.80656875270807 122.87020329802019 0 0 0
-121.33999999999935 38.41999999999996 -157.80656875270807 -122.87020329802019 0 0 0
-121.0199999999993 38.41999999999996 181.16407619328206 84.73238753295401 0 0 0
-121.0199999999993 38.41999999999996 -181.16407619328206 -84.73238753295401 0 0 0
-120.69999999999925 38.41999999999996 195.32550752089804 42.98774373822846 0 0 0
-120.69999999999925 38.41999999999996 -195.32550752089804 -42.98774373822846 0 0 0
-124.53999999999985 38.73999999999995 -138.92295870876208 -143.87637590516238 0 0 0
-124.53999999999985 38.73999999999995 138.92295870876208 143.87637590516238 0 0 0
-124.2199999999998 38.73999999999995 138.95447858097594 -143.84593453514455 0 0 0
-124.2199999999998 38.73999999999995 -138.95447858097594 143.84593453514455 0 0 0
-123.89999999999975 38.73999999999995 139.53781418956527 -143.28013962583353 0 0 0
-123.89999999999975 38.73999999999995 -139.53781418956527 143.28013962583353 0 0 0
-123.5799999999997 38.73999999999995 148.5002532297892 133.96893218462438 0 0 0
-123.5799999999997 38.73999999999995 -148.5002532297892 -133.96893218462438 0 0 0
-123.25999999999965 38.73999999999995 -81.65491570114062 -182.57183447026986 0 0 0
-123.25999999999965 38.73999999999995 81.65491570114062 182.57183447026986 0 0 0
-122.9399999999996 38.73999999999995 108.53189085451838 -167.9905612453953 0 0 0
-122.9399999999996 38.73999999999995 -108.53189085451838 167.9905612453953 0 0 0
-122.61999999999955 38.73999999999995 145.7267258804776 136.98073355094917 0 0 0
-122.61999999999955 38.73999999999995 -145.7267258804776 -136.98073355094917 0 0 0
-122.2999999999995 38.73999999999995 -64.34853171254404 -189.36543102277068 0 0 0
-122.2999999999995 38.73999999999995 64.34853171254404 189.36543102277068 0 0 0
-121.97999999999945 38.73999999999995 -105.64320157688853 -169.82200670285604 0 0 0
-121.97999999999945 38.73999999999995 105.64320157688853 169.82200670285604 0 0 0
-121.6599999999994 38.73999999999995 -135.75538750207946 -146.86890332592614 0 0 0
-121.6599999999994 38.73999999999995 135.75538750207946 146.86890332592614 0 0 0
-121.33999999999935 38.73999999999995 157.80656875270807 122.87020329802019 0 0 0
-121.33999999999935 38.73999999999995 -157.80656875270807 -122.87020329802019 0 0 0
-121.0199999999993 38.73999999999995 181.16407619328206 84.73238753295401 0 0 0
-121.0199999999993 38.73999999999995 -181.16407619328206 -84.73238753295401 0 0 0
-120.69999999999925 38.73999999999995 195.32550752089804 42.98774373822846 0 0 0
-120.69999999999925 38.73999999999995 -195.32550752089804 -42.98774373822846 0 0 0
-124.53999999999985 39.059999999999945 -138.92295870876208 -143.87637590516238 0 0 0
-124.53999999999985 39.059999999999945 138.92295870876208 143.87637590516238 0 0 0
-124.2199999999998 39.059999999999945 138.95447858097594 -143.84593453514455 0 0 0
-124.2199999999998 39.059999999999945 -138.95447858097594 143.84593453514455 0 0 0
-123.89999999999975 39.059999999999945 139.53781418956527 -143.28013962583353 0 0 0
-123.89999999999975 39.059999999999945 -139.53781418956527 143.28013962583353 0 0 0
-123.5799999999997 39.059999999999945 148.5002532297892 133.96893218462438 0 0 0
-123.5799999999997 39.059999999999945 -148.5002532297892 -133.96893218462438 0 0 0
-123.25999999999965 39.059999999999945 -81.65491570114062 -182.57183447026986 0 0 0
-123.25999999999965 39.059999999999945 81.65491570114062 182.57183447026986 0 0 0
-122.9399999999996 39.059999999999945 108.53189085451838 -167.9905612453953 0 0 0
-122.9399999999996 39.059999999999945 -108.53189085451838 167.9905612453953 0 0 0
-122.61999999999955 39.059999999999945 145.7267258804776 136.98073355094917 0 0 0
-122.61999999999955 39.059999999999945 -145.7267258804776 -136.98073355094917 0 0 0
-122.2999999999995 39.059999999999945 -64.34853171254404 -189.36543102277068 0 0 0
-122.2999999999995 39.059999999999945 64.34853171254404 189.36543102277068 0 0 0
-121.97999999999945 39.059999999999945 -105.64320157688853 -169.82200670285604 0 0 0
-121.97999999999945 39.059999999999945 105.64320157688853 169.82200670285604 0 0 0
-121.6599999999994 39.059999999999945 -135.75538750207946 -146.86890332592614 0 0 0
-121.6599999999994 39.059999999999945 135.75538750207946 146.86890332592614 0 0 0
-121.33999999999935 39.059999999999945 157.80656875270807 122.87020329802019 0 0 0
-121.33999999999935 39.059999999999945 -157.80656875270807 -122.87020329802019 0 0 0
-121.0199999999993 39.059999999999945 181.16407619328206 84.73238753295401 0 0 0
-121.0199999999993 39.059999999999945 -181.16407619328206 -84.73238753295401 0 0 0
-120.69999999999925 39.059999999999945 195.32550752089804 42.98774373822846 0 0 0
-120.69999999999925 39.059999999999945 -195.32550752089804 -42.98774373822846 0 0 0
-125.5 39.37999999999994 199.1492075101351 -18.42805329070691 0 0 0
-125.5 39.37999999999994 -199.1492075101351 18.42805329070691 0 0 0
-125.17999999999995 39.37999999999994 199.1492075101351 -18.42805329070691 0 0 0
-125.17999999999995 39.37999999999994 -199.1492075101351 18.42805329070691 0 0 0
-124.8599999999999 39.37999999999994 199.1492075101351 -18.42805329070691 0 0 0
-124.8599999999999 39.37999999999994 -199.1492075101351 18.42805329070691 0 0 0
-124.53999999999985 39.37999999999994 155.197637955836 126.14948740652594 0 0 0
-124.53999999999985 39.37999999999994 -155.197637955836 -126.14948740652594 0 0 0
-124.2199999999998 39.37999999999994 192.11891772679394 -55.590659750405806 0 0 0
-124.2199999999998 39.37999999999994 -192.11891772679394 55.590659750405806 0 0 0
-123.89999999999975 39.37999999999994 168.3748010860744 -107.9348245897721 0 0 0
-123.89999999999975 39.37999999999994 -168.3748010860744 107.9348245897721 0 0 0
-123.5799999999997 39.37999999999994 170.70005982853397 104.21847040968757 0 0 0
-123.5799999999997 39.37999999999994 -170.70005982853397 -104.21847040968757 0 0 0
-123.25999999999965 39.37999999999994 105.48945642968792 -169.9175523074911 0 0 0
-123.25999999999965 39.37999999999994 -105.48945642968792 169.9175523074911 0 0 0
-122.9399999999996 39.37999999999994 -69.82760821376286 -187.4142607464684 0 0 0
-122.9399999999996 39.37999999999994 69.82760821376286 187.4142607464684 0 0 0
-122.61999999999955 39.37999999999994 197.81066566110198 29.511701928416738 0 0 0
-122.61999999999955 39.37999999999994 -197.81066566110198 -29.511701928416738 0 0 0
-121.97999999999945 39.37999999999994 153.04616405608854 128.75120064572923 0 0 0
-121.97999999999945 39.37999999999994 -153.04616405608854 -128.75120064572923 0 0 0
-121.6599999999994 39.37999999999994 188.76598985399065 66.0863153341379 0 0 0
-121.6599999999994 39.37999999999994 -188.76598985399065 -66.0863153341379 0 0 0
-121.33999999999935 39.37999999999994 197.2394654552704 33.114849643614704 0 0 0
-121.33999999999935 39.37999999999994 -197.2394654552704 -33.114849643614704 0 0 0
-121.0199999999993 39.37999999999994 199.66008416565037 11.655504749491143 0 0 0
-121.0199999999993 39.37999999999994 -199.66008416565037 -11.655504749491143 0 0 0
-120.69999999999925 39.37999999999994 199.85220731457648 -7.687342290515901 0 0 0
-120.69999999999925 39.37999999999994 -199.85220731457648 7.687342290515901 0 0 0
-125.5 39.69999999999993 6.679402565681185 -199.88843283533336 0 0 0
-125.5 39.69999999999993 -6.679402565681185 199.88843283533336 0 0 0
-125.17999999999995 39.69999999999993 6.679402565681185 -199.88843283533336 0 0 0
-125.17999999999995 39.69999999999993 -6.679402565681185 199.88843283533336 0 0 0
-124.8599999999999 39.69999999999993 6.679402565681185 -199.88843283533336 0 0 0
-124.8599999999999 39.69999999999993 -6.679402565681185 199.88843283533336 0 0 0
-124.53999999999985 39.69999999999993 -98.7359336603109 -173.92876531565068 0 0 0
-124.53999999999985 39.69999999999993 98.7359336603109 173.92876531565068 0 0 0
-123.89999999999975 39.69999999999993 176.57320391169245 -93.92498954144143 0 0 0
-123.89999999999975 39.69999999999993 -176.57320391169245 93.92498954144143 0 0 0
-123.5799999999997 39.69999999999993 131.86282090003877 -150.37352314913787 0 0 0
-123.5799999999997 39.69999999999993 -131.86282090003877 150.37352314913787 0 0 0
-123.25999999999965 39.69999999999993 169.3381381191443 -106.41708029419716 0 0 0
-123.25999999999965 39.69999999999993 -169.3381381191443 106.41708029419716 0 0 0
-122.9399999999996 39.69999999999993 184.09597122423628 78.15800265491158 0 0 0
-122.9399999999996 39.69999999999993 -184.09597122423628 -78.15800265491158 0 0 0
-122.61999999999955 39.69999999999993 72.92112892314097 -186.2324057638054 0 0 0
-122.61999999999955 39.69999999999993 -72.92112892314097 186.2324057638054 0 0 0
-122.2999999999995 39.69999999999993 164.91327201113162 113.15304995704936 0 0 0
-122.2999999999995 39.69999999999993 -164.91327201113162 -113.15304995704936 0 0 0
-121.6599999999994 39.69999999999993 154.63660461761694 126.83658980095143 0 0 0
-121.6599999999994 39.69999999999993 -154.63660461761694 -126.83658980095143 0 0 0
-121.33999999999935 39.69999999999993 180.8572110530893 85.38541567561947 0 0 0
-121.33999999999935 39.69999999999993 -180.8572110530893 -85.38541567561947 0 0 0
-121.0199999999993 39.69999999999993 197.2157932400928 33.25553933829604 0 0 0
-121.0199999999993 39.69999999999993 -197.2157932400928 -33.25553933829604 0 0 0
-120.69999999999925 39.69999999999993 199.66682177684868 -11.53950958802584 0 0 0
-120.69999999999925 39.69999999999993 -199.66682177684868 11.53950958802584 0 0 0
-125.5 40.019999999999925 8.503201001443536 -199.8191571715011 0 0 0
-125.5 40.019999999999925 -8.503201001443536 199.8191571715011 0 0 0
-125.17999999999995 40.019999999999925 8.503201001443536 -199.8191571715011 0 0 0
-125.17999999999995 40.019999999999925 -8.503201001443536 199.8191571715011 0 0 0
-124.8599999999999 40.019999999999925 8.503201001443536 -199.8191571715011 0 0 0
-124.8599999999999 40.019999999999925 -8.503201001443536 199.8191571715011 0 0 0
-124.53999999999985 40.019999999999925 -63.455744629122655 -189.66646639183102 0 0 0
-124.53999999999985 40.019999999999925 63.455744629122655 189.66646639183102 0 0 0
-124.2199999999998 40.019999999999925 -70.28960299414221 -187.24147967511334 0 0 0
-124.2199999999998 40.019999999999925 70.28960299414221 187.24147967511334 0 0 0
-123.89999999999975 40.019999999999925 40.99401209133912 -26.557078198098537 0 0 0
-123.89999999999975 40.019999999999925 -40.99401209133912 26.557078198098537 0 0 0
-123.5799999999997 40.019999999999925 4.305508563369918 0.2066388896467717 0 0 0
-123.5799999999997 40.019999999999925 -4.305508563369918 -0.2066388896467717 0 0 0
-123.25999999999965 40.019999999999925 75.45807208379493 -185.21900376958303 0 0 0
-123.25999999999965 40.019999999999925 -75.45807208379493 185.21900376958303 0 0 0
-122.9399999999996 40.019999999999925 181.87442091274744 -83.19672480123708 0 0 0
-122.9399999999996 40.019999999999925 -181.87442091274744 83.19672480123708 0 0 0
-122.61999999999955 40.019999999999925 -86.61379307861938 -180.2721577186397 0 0 0
-122.61999999999955 40.019999999999925 86.61379307861938 180.2721577186397 0 0 0
-122.2999999999995 40.019999999999925 188.42765284671566 -67.04490765656709 0 0 0
-122.2999999999995 40.019999999999925 -188.42765284671566 67.04490765656709 0 0 0
-121.97999999999945 40.019999999999925 -58.173431795783735 -191.35268964167005 0 0 0
-121.97999999999945 40.019999999999925 58.173431795783735 191.35268964167005 0 0 0
-121.6599999999994 40.019999999999925 -83.91130657862541 -181.54584167165035 0 0 0
-121.6599999999994 40.019999999999925 83.91130657862541 181.54584167165035 0 0 0
-121.33999999999935 40.019999999999925 -194.9231452417077 44.77686287671482 0 0 0
-121.33999999999935 40.019999999999925 194.9231452417077 -44.77686287671482 0 0 0
-121.33999999999935 40.019999999999925 -44.77686287671482 -194.9231452417077 0 0 0
-121.33999999999935 40.019999999999925 44.77686287671482 194.9231452417077 0 0 0
-121.0199999999993 40.019999999999925 -199.16826829728834 -18.22089195015905 0 0 0
-121.0199999999993 40.019999999999925 199.16826829728834 18.22089195015905 0 0 0
-121.0199999999993 40.019999999999925 18.22089195015905 -199.16826829728834 0 0 0
-121.0199999999993 40.019999999999925 -18.22089195015905 199.16826829728834 0 0 0
-120.69999999999925 40.019999999999925 41.47172873966516 -195.6529982273301 0 0 0
-120.69999999999925 40.019999999999925 -41.47172873966516 195.6529982273301 0 0 0
-125.5 40.33999999999992 -5.508553385820509 -199.9241252065282 0 0 0
-125.5 40.33999999999992 5.508553385820509 199.9241252065282 0 0 0
-125.17999999999995 40.33999999999992 -5.508553385820509 -199.9241252065282 0 0 0
-125.17999999999995 40.33999999999992 5.508553385820509 199.9241252065282 0 0 0
-124.8599999999999 40.33999999999992 -5.508553385820509 -199.9241252065282 0 0 0
-124.8599999999999 40.33999999999992 5.508553385820509 199.9241252065282 0 0 0
-124.53999999999985 40.33999999999992 -122.66887372972313 -157.96312043600952 0 0 0
-124.53999999999985 40.33999999999992 122.66887372972313 157.96312043600952 0 0 0
-124.2199999999998 40.33999999999992 185.10590474109705 -75.73509113997225 0 0 0
-124.2199999999998 40.33999999999992 -185.10590474109705 75.73509113997225 0 0 0
-123.89999999999975 40.33999999999992 -129.27100842094023 -152.6073601823752 0 0 0
-123.89999999999975 40.33999999999992 129.27100842094023 152.6073601823752 0 0 0
-123.5799999999997 40.33999999999992 76.1651761991064 -184.92935390185917 0 0 0
-123.5799999999997 40.33999999999992 -76.1651761991064 184.92935390185917 0 0 0
-123.25999999999965 40.33999999999992 180.09722817605942 -86.976941790916 0 0 0
-123.25999999999965 40.33999999999992 -180.09722817605942 86.976941790916 0 0 0
-122.9399999999996 40.33999999999992 8.404657782700433 -199.8233262848852 0 0 0
-122.9399999999996 40.33999999999992 -8.404657782700433 199.8233262848852 0 0 0
-122.61999999999955 40.33999999999992 199.62871463005274 -12.180980878113331 0 0 0
-122.61999999999955 40.33999999999992 -199.62871463005274 12.180980878113331 0 0 0
-121.97999999999945 40.33999999999992 143.21898636891603 139.6005800255151 0 0 0
-121.97999999999945 40.33999999999992 -143.21898636891603 -139.6005800255151 0 0 0
-121.6599999999994 40.33999999999992 181.205059835339 84.64470621409946 0 0 0
-121.6599999999994 40.33999999999992 -181.205059835339 -84.64470621409946 0 0 0
-121.33999999999935 40.33999999999992 198.2912725626169 -26.087760070538195 0 0 0
-121.33999999999935 40.33999999999992 -198.2912725626169 26.087760070538195 0 0 0
-121.0199999999993 40.33999999999992 174.36867837127826 -97.95694974351599 0 0 0
-121.0199999999993 40.33999999999992 -174.36867837127826 97.95694974351599 0 0 0
-120.69999999999925 40.33999999999992 144.38115242024512 -138.39827609403937 0 0 0
-120.69999999999925 40.33999999999992 -144.38115242024512 138.39827609403937 0 0 0
-125.5 40.65999999999991 184.4172981620282 -77.39677085394182 0 0 0
-125.5 40.65999999999991 -184.4172981620282 77.39677085394182 0 0 0
-125.17999999999995 40.65999999999991 184.4172981620282 -77.39677085394182 0 0 0
-125.17999999999995 40.65999999999991 -184.4172981620282 77.39677085394182 0 0 0
-124.8599999999999 40.65999999999991 184.4172981620282 -77.39677085394182 0 0 0
-124.8599999999999 40.65999999999991 -184.4172981620282 77.39677085394182 0 0 0
-124.53999999999985 40.65999999999991 180.98435232126928 -85.11559325323805 0 0 0
-124.53999999999985 40.65999999999991 -180.98435232126928 85.11559325323805 0 0 0
-123.89999999999975 40.65999999999991 23.04768014062143 -45.07699774511294 0 0 0
-123.89999999999975 40.65999999999991 -23.04768014062143 45.07699774511294 0 0 0
-123.5799999999997 40.65999999999991 -50.82627571779244 -132.5476612735625 0 0 0
-123.5799999999997 40.65999999999991 50.82627571779244 132.5476612735625 0 0 0
-123.25999999999965 40.65999999999991 186.333363166805 -72.66276743248609 0 0 0
-123.25999999999965 40.65999999999991 -186.333363166805 72.66276743248609 0 0 0
-122.61999999999955 40.65999999999991 199.40748088838072 -15.383646048647986 0 0 0
-122.61999999999955 40.65999999999991 -199.40748088838072 15.383646048647986 0 0 0
-122.2999999999995 40.65999999999991 -11.896454615114788 -199.64587240308904 0 0 0
-122.2999999999995 40.65999999999991 11.896454615114788 199.64587240308904 0 0 0
-121.97999999999945 40.65999999999991 188.86939090291034 65.79022100558446 0 0 0
-121.97999999999945 40.65999999999991 -188.86939090291034 -65.79022100558446 0 0 0
-120.69999999999925 40.65999999999991 -196.80159211921847 -35.624897744986846 0 0 0
-120.69999999999925 40.65999999999991 196.80159211921847 35.624897744986846 0 0 0
-120.69999999999925 40.65999999999991 35.624897744986846 -196.80159211921847 0 0 0
-120.69999999999925 40.65999999999991 -35.624897744986846 196.80159211921847 0 0 0
-125.5 40.979999999999905 199.55458018544354 -13.340521991712952 0 0 0
-125.5 40.979999999999905 -199.55458018544354 13.340521991712952 0 0 0
-125.17999999999995 40.979999999999905 199.55458018544354 -13.340521991712952 0 0 0
-125.17999999999995 40.979999999999905 -199.55458018544354 13.340521991712952 0 0 0
-124.8599999999999 40.979999999999905 199.55458018544354 -13.340521991712952 0 0 0
-124.8599999999999 40.979999999999905 -199.55458018544354 13.340521991712952 0 0 0
-124.53999999999985 40.979999999999905 187.86057549302106 68.61781237718775 0 0 0
-124.53999999999985 40.979999999999905 -187.86057549302106 -68.61781237718775 0 0 0
-124.2199999999998 40.979999999999905 170.3055073251451 104.86197678245892 0 0 0
-124.2199999999998 40.979999999999905 -170.3055073251451 -104.86197678245892 0 0 0
-123.89999999999975 40.979999999999905 171.03051382786944 103.67527834433317 0 0 0
-123.89999999999975 40.979999999999905 -171.03051382786944 -103.67527834433317 0 0 0
-123.25999999999965 40.979999999999905 165.21860330813928 -112.70675721050496 0 0 0
-123.25999999999965 40.979999999999905 -165.21860330813928 112.70675721050496 0 0 0
-122.9399999999996 40.979999999999905 195.21915175111474 43.46818134653483 0 0 0
-122.9399999999996 40.979999999999905 -195.21915175111474 -43.46818134653483 0 0 0
-122.61999999999955 40.979999999999905 -128.10357233846184 -153.58865437956177 0 0 0
-122.61999999999955 40.979999999999905 128.10357233846184 153.58865437956177 0 0 0
-122.2999999999995 40.979999999999905 178.6690872924578 89.87411888903338 0 0 0
-122.2999999999995 40.979999999999905 -178.6690872924578 -89.87411888903338 0 0 0
-121.97999999999945 40.979999999999905 159.31913929903953 -120.90248902736968 0 0 0
-121.97999999999945 40.979999999999905 -159.31913929903953 120.90248902736968 0 0 0
-121.6599999999994 40.979999999999905 155.52966775613422 -125.73989998272825 0 0 0
-121.6599999999994 40.979999999999905 -155.52966775613422 125.73989998272825 0 0 0
-121.0199999999993 40.979999999999905 144.96277051535333 137.78895153281704 0 0 0
-121.0199999999993 40.979999999999905 -144.96277051535333 -137.78895153281704 0 0 0
-120.69999999999925 40.979999999999905 148.26082906149566 134.23385029864104 0 0 0
-120.69999999999925 40.979999999999905 -148.26082906149566 -134.23385029864104 0 0 0
-125.5 41.2999999999999 159.9728613910236 -5.339413398243371 0 0 0
-125.5 41.2999999999999 -159.9728613910236 5.339413398243371 0 0 0
-125.17999999999995 41.2999999999999 159.9728613910236 -5.339413398243371 0 0 0
-125.17999999999995 41.2999999999999 -159.9728613910236 5.339413398243371 0 0 0
-124.8599999999999 41.2999999999999 159.9728613910236 -5.339413398243371 0 0 0
-124.8599999999999 41.2999999999999 -159.9728613910236 5.339413398243371 0 0 0
-124.53999999999985 41.2999999999999 161.16908401714574 118.4251930843865 0 0 0
-124.53999999999985 41.2999999999999 -161.16908401714574 -118.4251930843865 0 0 0
-124.2199999999998 41.2999999999999 142.3672191539359 140.46912440239382 0 0 0
-124.2199999999998 41.2999999999999 -142.3672191539359 -140.46912440239382 0 0 0
-123.89999999999975 41.2999999999999 169.31587012619286 106.45250642145629 0 0 0
-123.89999999999975 41.2999999999999 -169.31587012619286 -106.45250642145629 0 0 0
-123.5799999999997 41.2999999999999 100.89583629452923 -172.68477124062662 0 0 0
-123.5799999999997 41.2999999999999 -100.89583629452923 172.68477124062662 0 0 0
-123.25999999999965 41.2999999999999 169.61408374897107 -105.97670778995277 0 0 0
-123.25999999999965 41.2999999999999 -169.61408374897107 105.97670778995277 0 0 0
-122.9399999999996 41.2999999999999 199.88536217371043 6.77067121374398 0 0 0
-122.9399999999996 41.2999999999999 -199.88536217371043 -6.77067121374398 0 0 0
-122.61999999999955 41.2999999999999 -130.1366163910944 -151.8698820513045 0 0 0
-122.61999999999955 41.2999999999999 130.1366163910944 151.8698820513045 0 0 0
-121.97999999999945 41.2999999999999 -4.656468894621253 -199.9457858956608 0 0 0
-121.97999999999945 41.2999999999999 4.656468894621253 199.9457858956608 0 0 0
-121.6599999999994 41.2999999999999 -43.50308353400237 -195.21137703277853 0 0 0
-121.6599999999994 41.2999999999999 43.50308353400237 195.21137703277853 0 0 0
-121.33999999999935 41.2999999999999 -165.73722634640927 111.94271661434297 0 0 0
-121.33999999999935 41.2999999999999 165.73722634640927 -111.94271661434297 0 0 0
-121.33999999999935 41.2999999999999 -111.94271661434297 -165.73722634640927 0 0 0
-121.33999999999935 41.2999999999999 111.94271661434297 165.73722634640927 0 0 0
-121.0199999999993 41.2999999999999 190.93696600810375 59.52373485946789 0 0 0
-121.0199999999993 41.2999999999999 -190.93696600810375 -59.52373485946789 0 0 0
-120.69999999999925 41.2999999999999 186.1693119398404 -73.08205861801098 0 0 0
-120.69999999999925 41.2999999999999 -186.1693119398404 73.08205861801098 0 0 0
-125.5 41.61999999999989 -22.33888640647209 -198.7485198790641 0 0 0
-125.5 41.61999999999989 22.33888640647209 198.7485198790641 0 0 0
-125.17999999999995 41.61999999999989 -22.33888640647209 -198.7485198790641 0 0 0
-125.17999999999995 41.61999999999989 22.33888640647209 198.7485198790641 0 0 0
-124.8599999999999 41.61999999999989 -22.33888640647209 -198.7485198790641 0 0 0
-124.8599999999999 41.61999999999989 22.33888640647209 198.7485198790641 0 0 0
-124.53999999999985 41.61999999999989 -135.82497251368474 -146.8045532047858 0 0 0
-124.53999999999985 41.61999999999989 135.82497251368474 146.8045532047858 0 0 0
-124.2199999999998 41.61999999999989 -119.99839606489775 -160.00120293876523 0 0 0
-124.2199999999998 41.61999999999989 119.99839606489775 160.00120293876523 0 0 0
-123.89999999999975 41.61999999999989 163.86636147039286 114.66392448566616 0 0 0
-123.89999999999975 41.61999999999989 -163.86636147039286 -114.66392448566616 0 0 0
-123.5799999999997 41.61999999999989 128.15622751601842 -153.54472100616982 0 0 0
-123.5799999999997 41.61999999999989 -128.15622751601842 153.54472100616982 0 0 0
-122.9399999999996 41.61999999999989 199.54084736258665 -13.544380156393308 0 0 0
-122.9399999999996 41.61999999999989 -199.54084736258665 13.544380156393308 0 0 0
-122.9399999999996 41.61999999999989 13.544380156393308 199.54084736258665 0 0 0
-122.9399999999996 41.61999999999989 -13.544380156393308 -199.54084736258665 0 0 0
-122.61999999999955 41.61999999999989 100.6913789014682 -172.8040688610108 0 0 0
-122.61999999999955 41.61999999999989 -100.6913789014682 172.8040688610108 0 0 0
-122.2999999999995 41.61999999999989 104.32388489554863 -170.63565582931466 0 0 0
-122.2999999999995 41.61999999999989 -104.32388489554863 170.63565582931466 0 0 0
-121.97999999999945 41.61999999999989 177.93414159763353 -91.32054124846888 0 0 0
-121.97999999999945 41.61999999999989 -177.93414159763353 91.32054124846888 0 0 0
-121.97999999999945 41.61999999999989 91.32054124846888 177.93414159763353 0 0 0
-121.97999999999945 41.61999999999989 -91.32054124846888 -177.93414159763353 0 0 0
-121.6599999999994 41.61999999999989 -69.16660390196772 -187.65921481416333 0 0 0
-121.6599999999994 41.61999999999989 69.16660390196772 187.65921481416333 0 0 0
-121.33999999999935 41.61999999999989 -53.71459442669941 -192.65186826391064 0 0 0
-121.33999999999935 41.61999999999989 53.71459442669941 192.65186826391064 0 0 0
-121.0199999999993 41.61999999999989 78.20919641363406 -184.07422849582613 0 0 0
-121.0199999999993 41.61999999999989 -78.20919641363406 184.07422849582613 0 0 0
-120.69999999999925 41.61999999999989 121.27022130413823 -159.03940840195972 0 0 0
-120.69999999999925 41.61999999999989 -121.27022130413823 159.03940840195972 0 0 0
-125.5 41.939999999999884 -14.579328971949945 -199.46790009103637 0 0 0
-125.5 41.939999999999884 14.579328971949945 199.46790009103637 0 0 0
-125.17999999999995 41.939999999999884 -14.579328971949945 -199.46790009103637 0 0 0
-125.17999999999995 41.939999999999884 14.579328971949945 199.46790009103637 0 0 0
-124.8599999999999 41.939999999999884 -14.579328971949945 -199.46790009103637 0 0 0
-124.8599999999999 41.939999999999884 14.579328971949945 199.46790009103637 0 0 0
-124.53999999999985 41.939999999999884 -99.72955160672875 -173.36094293790867 0 0 0
-124.53999999999985 41.939999999999884 99.72955160672875 173.36094293790867 0 0 0
-124.2199999999998 41.939999999999884 179.36764082517135 88.47174365192717 0 0 0
-124.2199999999998 41.939999999999884 -179.36764082517135 -88.47174365192717 0 0 0
-123.89999999999975 41.939999999999884 -125.00216756247514 -156.12321449638068 0 0 0
-123.89999999999975 41.939999999999884 125.00216756247514 156.12321449638068 0 0 0
-123.5799999999997 41.939999999999884 176.7190235295485 -93.65034288652058 0 0 0
-123.5799999999997 41.939999999999884 -176.7190235295485 93.65034288652058 0 0 0
-122.9399999999996 41.939999999999884 196.75994392103732 -35.8542113034194 0 0 0
-122.9399999999996 41.939999999999884 -196.75994392103732 35.8542113034194 0 0 0
-122.9399999999996 41.939999999999884 35.8542113034194 196.75994392103732 0 0 0
-122.9399999999996 41.939999999999884 -35.8542113034194 -196.75994392103732 0 0 0
-122.61999999999955 41.939999999999884 103.96084355117348 -170.85708357609417 0 0 0
-122.61999999999955 41.939999999999884 -103.96084355117348 170.85708357609417 0 0 0
-122.2999999999995 41.939999999999884 197.60936006532788 -30.830841937443004 0 0 0
-122.2999999999995 41.939999999999884 -197.60936006532788 30.830841937443004 0 0 0
-122.2999999999995 41.939999999999884 30.830841937443004 197.60936006532788 0 0 0
-122.2999999999995 41.939999999999884 -30.830841937443004 -197.60936006532788 0 0 0
-121.97999999999945 41.939999999999884 195.95374292293545 -40.026624070637276 0 0 0
-121.97999999999945 41.939999999999884 -195.95374292293545 40.026624070637276 0 0 0
-121.0199999999993 41.939999999999884 20.83529851733895 -198.91176520179337 0 0 0
-121.0199999999993 41.939999999999884 -20.83529851733895 198.91176520179337 0 0 0
-120.69999999999925 41.939999999999884 -3.297540304069128 -199.97281372212333 0 0 0
-120.69999999999925 41.939999999999884 3.297540304069128 199.97281372212333 0 0 0
-125.5 42.25999999999988 7.869872907211352 -199.84510276817977 0 0 0
-125.5 42.25999999999988 -7.869872907211352 199.84510276817977 0 0 0
-125.17999999999995 42.25999999999988 7.869872907211352 -199.84510276817977 0 0 0
-125.17999999999995 42.25999999999988 -7.869872907211352 199.84510276817977 0 0 0
-124.8599999999999 42.25999999999988 7.869872907211352 -199.84510276817977 0 0 0
-124.8599999999999 42.25999999999988 -7.869872907211352 199.84510276817977 0 0 0
-124.53999999999985 42.25999999999988 46.753624087243054 -194.45847534810295 0 0 0
-124.53999999999985 42.25999999999988 -46.753624087243054 194.45847534810295 0 0 0
-124.2199999999998 42.25999999999988 196.8825049660637 35.17498028837976 0 0 0
-124.2199999999998 42.25999999999988 -196.8825049660637 -35.17498028837976 0 0 0
-123.5799999999997 42.25999999999988 192.83223096088383 53.06345920356442 0 0 0
-123.5799999999997 42.25999999999988 -192.83223096088383 -53.06345920356442 0 0 0
-123.25999999999965 42.25999999999988 -15.390676438874534 -82.91466782449832 0 0 0
-123.25999999999965 42.25999999999988 15.390676438874534 82.91466782449832 0 0 0
-122.9399999999996 42.25999999999988 48.06849762628912 -194.1376303964572 0 0 0
-122.9399999999996 42.25999999999988 -48.06849762628912 194.1376303964572 0 0 0
-122.61999999999955 42.25999999999988 122.99029199580112 -157.7129927266222 0 0 0
-122.61999999999955 42.25999999999988 -122.99029199580112 157.7129927266222 0 0 0
-122.2999999999995 42.25999999999988 146.53397756069626 136.11683738700864 0 0 0
-122.2999999999995 42.25999999999988 -146.53397756069626 -136.11683738700864 0 0 0
-121.97999999999945 42.25999999999988 199.93818817997757 4.9720124002141795 0 0 0
-121.97999999999945 42.25999999999988 -199.93818817997757 -4.9720124002141795 0 0 0
-121.6599999999994 42.25999999999988 177.16754882611235 -92.79902824354953 0 0 0
-121.6599999999994 42.25999999999988 -177.16754882611235 92.79902824354953 0 0 0
-121.0199999999993 42.25999999999988 -48.62026217353696 -194.00018068593786 0 0 0
-121.0199999999993 42.25999999999988 48.62026217353696 194.00018068593786 0 0 0
-120.69999999999925 42.25999999999988 -64.18220973677451 -189.4218676745235 0 0 0
-120.69999999999925 42.25999999999988 64.18220973677451 189.4218676745235 0 0 0
-125.5 42.57999999999987 192.92103052542214 -52.739700236246556 0 0 0
-125.5 42.57999999999987 -192.92103052542214 52.739700236246556 0 0 0
-125.17999999999995 42.57999999999987 192.92103052542214 -52.739700236246556 0 0 0
-125.17999999999995 42.57999999999987 -192.92103052542214 52.739700236246556 0 0 0
-124.8599999999999 42.57999999999987 192.92103052542214 -52.739700236246556 0 0 0
-124.8599999999999 42.57999999999987 -192.92103052542214 52.739700236246556 0 0 0
-124.53999999999985 42.57999999999987 139.17107088030173 -143.63639173284056 0 0 0
-124.53999999999985 42.57999999999987 -139.17107088030173 143.63639173284056 0 0 0
-124.2199999999998 42.57999999999987 171.2519341926252 103.30912367881535 0 0 0
-124.2199999999998 42.57999999999987 -171.2519341926252 -103.30912367881535 0 0 0
-124.2199999999998 42.57999999999987 -103.30912367881535 171.2519341926252 0 0 0
-124.2199999999998 42.57999999999987 103.30912367881535 -171.2519341926252 0 0 0
-123.5799999999997 42.57999999999987 -87.64468252561093 -179.77321720708252 0 0 0
-123.5799999999997 42.57999999999987 87.64468252561093 179.77321720708252 0 0 0
-123.25999999999965 42.57999999999987 -99.73549504108195 -173.3575237159043 0 0 0
-123.25999999999965 42.57999999999987 99.73549504108195 173.3575237159043 0 0 0
-122.61999999999955 42.57999999999987 197.86684524153546 29.13265443041989 0 0 0
-122.61999999999955 42.57999999999987 -197.86684524153546 -29.13265443041989 0 0 0
-122.2999999999995 42.57999999999987 -111.09596534553165 -166.30600254935007 0 0 0
-122.2999999999995 42.57999999999987 111.09596534553165 166.30600254935007 0 0 0
-121.97999999999945 42.57999999999987 -28.514738596682935 -197.95683792878398 0 0 0
-121.97999999999945 42.57999999999987 28.514738596682935 197.95683792878398 0 0 0
-121.6599999999994 42.57999999999987 148.88459888535985 -133.54166471459575 0 0 0
-121.6599999999994 42.57999999999987 -148.88459888535985 133.54166471459575 0 0 0
-121.33999999999935 42.57999999999987 199.8026339240213 -8.88298806841024 0 0 0
-121.33999999999935 42.57999999999987 -199.8026339240213 8.88298806841024 0 0 0
-121.0199999999993 42.57999999999987 183.82069975971194 78.80323813048446 0 0 0
-121.0199999999993 42.57999999999987 -183.82069975971194 -78.80323813048446 0 0 0
-120.69999999999925 42.57999999999987 -121.01927225634566 -159.23044854092603 0 0 0
-120.69999999999925 42.57999999999987 121.01927225634566 159.23044854092603 0 0 0
