0104 -123.2010 39.7954 1.19 0.86 0.07 0.05 0.2025
0105 -123.8352 39.7769 2.44 2.66 0.07 0.05 0.2321
0106 -123.5235 40.4602 0.62 0.85 0.08 0.05 0.2539
0108 -123.4935 40.8153 0.42 0.91 0.09 0.07 0.2877
0109 -124.1174 40.9750 0.36 1.56 0.10 0.07 0.3057
0110 -123.4759 41.4002 0.29 0.82 0.17 0.12 0.0245
0113 -124.1584 41.9325 0.26 1.07 0.30 0.20 0.3939
0201 -123.1930 41.8415 0.16 0.99 0.22 0.17 0.1056
0202 -122.5913 41.9558 0.26 0.47 0.26 0.20 0.2065
0208 -122.2750 41.5321 0.20 0.62 0.17 0.11 0.2194
0212 -122.4349 40.9571 0.74 0.56 0.34 0.15 0.2760
0217 -122.9419 40.6521 0.63 0.74 0.09 0.07 0.0859
0220 -120.3665 40.7992 0.44 0.45 0.18 0.09 0.0423
0221 -122.9364 40.3696 0.82 0.62 0.09 0.06 0.0755
0226 -119.9944 40.2450 0.53 0.53 0.17 0.09 0.0467
0229 -122.5768 40.6476 1.13 0.48 0.26 0.17 0.3554
0411 -123.0381 38.3240 2.00 3.17 0.18 0.11 0.0852
0412 -122.4068 38.4411 1.01 1.53 0.16 0.09 0.0787
0413 -123.4008 38.6533 2.47 3.41 0.12 0.07 0.0568
0414 -122.8121 38.6709 1.15 2.33 0.14 0.08 0.0395
1005 -120.2667 37.9972 1.06 0.35 0.28 0.11 0.0966
1402 -123.9852 40.8876 0.23 1.33 0.24 0.13 0.2162
1436 -123.7905 39.6691 2.08 2.67 0.31 0.12 0.0590
1468 -124.1557 40.4481 0.66 2.47 0.16 0.07 0.0184
8767 -124.2176 40.7669 0.60 1.94 0.14 0.09 0.1297
9750 -124.1815 41.7484 0.11 1.01 0.20 0.13 0.1112
01KD -123.7945 40.0942 1.59 2.03 0.19 0.08 0.0472
01LD -123.8316 40.2508 1.26 1.77 0.19 0.08 0.0528
01MC -123.9211 40.3225 1.09 1.94 0.20 0.08 0.1092
01NC -124.0330 40.4396 0.53 2.07 0.20 0.09 0.0300
01ND -123.7974 40.4721 0.28 1.57 0.22 0.16 0.1096
01NE -123.6751 40.4390 0.80 1.41 0.18 0.06 0.0722
01PA -124.2556 40.5890 0.00 2.18 0.15 0.09 0.0087
01PB -124.2034 40.6393 0.29 1.95 0.28 0.15 0.3681
01QB -124.1994 40.7447 0.03 1.91 0.26 0.14 0.3290
01QF -123.3251 40.8145 0.41 0.57 0.16 0.09 0.1372
01RB -124.0874 40.9065 0.15 1.59 0.23 0.14 0.0694
01RD -123.7724 40.8964 0.50 0.98 0.14 0.07 0.2192
01RE -123.6225 40.9439 0.60 0.99 0.12 0.07 0.1262
ALEN -124.0951 41.1917 0.40 1.17 0.16 0.11 0.1622
ALGO -78.0714 45.9558 0.04 0.03 0.05 0.03 0.0544
ANDE -122.2906 40.4195 1.05 0.74 0.21 0.14 0.0411
BLDK -123.8654 40.8820 0.34 1.37 0.13 0.08 0.0053
BRR2 -124.2945 40.4977 0.68 2.58 0.26 0.08 0.0296
CABL -124.5633 42.8361 0.71 1.33 0.04 0.03 0.0262
CME1 -124.3963 40.4418 0.61 3.05 0.04 0.03 0.0090
GOL2 -116.8893 35.4252 0.72 0.58 0.04 0.03 0.0423
GOLD -116.8893 35.4252 0.68 0.57 0.04 0.03 0.0405
GREN -122.5259 41.5550 0.32 0.36 0.17 0.12 0.0715
HATC -121.4713 40.8177 0.63 0.46 0.14 0.10 0.3177
HOPB -123.0747 38.9952 1.82 2.11 0.04 0.03 0.0237
KNEE -123.9748 40.7266 0.13 1.44 0.12 0.08 0.5126
MUMB -122.5326 41.1844 0.47 0.65 0.07 0.05 0.0119
NEW2 -117.5089 39.6856 0.20 0.06 0.04 0.04 0.0107
NLIB -91.5749 41.7716 0.03 0.06 0.04 0.03 0.0270
PENT -119.6250 49.3226 0.20 0.03 0.04 0.04 0.0872
PILG -121.9819 41.2597 0.68 0.57 0.17 0.11 0.0185
PTRB -123.0187 37.9962 2.40 3.56 0.07 0.05 0.0234
PTSG -124.2552 41.7827 0.40 1.14 0.05 0.04 0.0050
QUIN -120.9444 39.9746 0.76 0.69 0.04 0.03 0.0064
SAGE -120.0388 39.7909 0.59 0.27 0.13 0.09 0.0713
SHIN -120.2250 40.5917 0.46 0.42 0.04 0.03 0.00321
SHLD -119.0157 41.8684 0.27 0.21 0.04 0.04 0.0063
SUTB -121.8206 39.2058 0.95 0.66 0.04 0.03 0.0205
TRND -124.1509 41.0539 0.52 1.64 0.05 0.04 0.0017
YBHB -122.7107 41.7317 0.12 0.65 0.04 0.03 0.0152