-121.469899 40.815918 -6.070000 5.370000 0.040000 0.040000 0.0
-121.642578 37.341533 -11.870000 11.950000 0.180000 0.180000 0.0
-121.500291 39.554627 -9.390000 7.130000 0.030000 0.030000 0.0
-124.075370 40.876307 1.910000 17.090000 0.070000 0.070000 0.0
-123.726198 38.928347 -24.810000 36.140000 0.060000 0.060000 0.0
-122.414885 40.997633 -5.780000 6.390000 0.050000 0.050000 0.0
-123.360050 41.807083 -1.760000 8.530000 0.070000 0.070000 0.0
-123.188786 41.272435 -3.490000 8.250000 0.080000 0.080000 0.0
-123.906118 40.024443 -19.710000 24.370000 0.110000 0.110000 0.0
-124.308074 40.247548 -18.570000 32.740000 0.060000 0.060000 0.0
-124.282782 40.504788 -2.310000 26.750000 0.060000 0.060000 0.0
-124.057290 40.219572 -14.120000 24.620000 0.070000 0.070000 0.0
-123.853265 40.245549 -11.320000 18.240000 0.110000 0.110000 0.0
-123.862828 40.435184 -5.530000 16.600000 0.040000 0.040000 0.0
-123.880177 40.543705 -3.390000 15.870000 0.080000 0.080000 0.0
-123.881460 40.668638 -1.460000 15.190000 0.110000 0.110000 0.0
-122.357141 37.471774 -23.910000 31.270000 0.030000 0.030000 0.0
-122.332365 37.534520 -22.390000 28.560000 0.060000 0.060000 0.0
-123.181246 38.495016 -20.950000 32.450000 0.030000 0.030000 0.0
-123.068888 38.313664 -22.120000 33.700000 0.040000 0.040000 0.0
-123.708938 39.117166 -23.040000 30.860000 0.030000 0.030000 0.0
-123.749337 39.261304 -22.730000 29.580000 0.040000 0.040000 0.0
-123.602542 39.352478 -22.200000 24.100000 0.070000 0.070000 0.0
-123.229564 38.667857 -19.770000 30.080000 0.040000 0.040000 0.0
-123.348430 38.987450 -20.160000 27.030000 0.070000 0.070000 0.0
-123.204048 39.241956 -16.700000 18.190000 0.140000 0.140000 0.0
-123.105190 39.319728 -15.070000 15.340000 0.100000 0.100000 0.0
-122.908142 38.122938 -22.670000 33.270000 0.030000 0.030000 0.0
-122.816258 38.185717 -19.410000 29.030000 0.020000 0.020000 0.0
-122.959309 38.664666 -16.320000 26.960000 0.070000 0.070000 0.0
-122.742642 38.298144 -17.150000 26.060000 0.040000 0.040000 0.0
-122.767387 38.428562 -15.820000 26.310000 0.310000 0.310000 0.0
-122.503439 38.263693 -14.360000 20.590000 0.080000 0.080000 0.0
-122.451703 38.239832 -14.550000 19.880000 0.070000 0.070000 0.0
-122.658435 38.559807 -12.580000 19.090000 0.040000 0.040000 0.0
-122.496001 38.423581 -13.400000 18.440000 0.060000 0.060000 0.0
-122.710534 38.666500 -12.140000 19.240000 0.050000 0.050000 0.0
-122.963065 39.398124 -13.900000 13.720000 0.080000 0.080000 0.0
-122.575794 38.777818 -11.360000 16.030000 0.030000 0.030000 0.0
-122.718568 39.260045 -11.460000 7.880000 0.210000 0.210000 0.0
-122.303870 39.109302 -9.840000 7.530000 0.080000 0.080000 0.0
-122.126716 37.069256 -25.920000 34.240000 0.130000 0.130000 0.0
-121.990837 37.201713 -21.330000 28.660000 0.100000 0.100000 0.0
-121.762951 37.048786 -21.710000 27.110000 0.360000 0.360000 0.0
-121.726208 37.002427 -22.450000 28.270000 0.080000 0.080000 0.0
-121.650633 37.104498 -19.910000 23.640000 0.100000 0.100000 0.0
-121.713961 37.203515 -19.080000 23.260000 0.190000 0.190000 0.0
-122.284822 37.342491 -23.580000 32.120000 0.210000 0.210000 0.0
-122.214285 37.329888 -23.220000 30.780000 0.040000 0.040000 0.0
-122.099050 37.336953 -20.820000 28.060000 0.050000 0.050000 0.0
-122.083265 37.539240 -19.820000 24.370000 0.020000 0.020000 0.0
-122.219061 37.863897 -14.740000 19.180000 0.070000 0.070000 0.0
-121.977957 37.749436 -13.940000 15.950000 0.070000 0.070000 0.0
-121.786400 37.818965 -10.190000 9.690000 0.090000 0.090000 0.0
-121.542034 37.007807 -19.160000 23.590000 0.290000 0.290000 0.0
-121.354518 37.010824 -12.470000 10.000000 0.080000 0.080000 0.0
-121.868698 37.975609 -10.640000 10.450000 0.050000 0.050000 0.0
-121.057730 37.169556 -10.430000 8.890000 0.090000 0.090000 0.0
-121.324853 37.581886 -9.860000 9.490000 0.180000 0.180000 0.0
-121.604840 37.931965 -10.590000 8.730000 0.080000 0.080000 0.0
-121.464035 37.755291 -10.640000 8.720000 0.130000 0.130000 0.0
-121.100580 37.433020 -8.890000 8.630000 0.120000 0.120000 0.0
-121.083952 37.711221 -10.320000 7.860000 0.110000 0.110000 0.0
-122.429177 38.577695 -11.830000 15.720000 0.040000 0.040000 0.0
-121.954195 38.530186 -9.830000 8.560000 0.070000 0.070000 0.0
-122.354554 38.999526 -8.530000 8.500000 0.070000 0.070000 0.0
-121.943063 39.145482 -8.950000 6.460000 0.070000 0.070000 0.0
-121.460513 38.283124 -10.950000 7.910000 0.420000 0.420000 0.0
-121.214587 38.321529 -10.130000 8.020000 0.030000 0.030000 0.0
-121.095165 38.645308 -9.840000 7.930000 0.030000 0.030000 0.0
-122.366884 37.192374 -26.750000 35.960000 0.030000 0.030000 0.0
-123.698376 39.529179 -22.370000 24.980000 0.070000 0.070000 0.0
-123.564546 39.554289 -21.650000 22.150000 0.120000 0.120000 0.0
-123.716897 39.863584 -21.260000 20.730000 0.070000 0.070000 0.0
-124.086144 41.559134 -0.070000 10.330000 0.130000 0.130000 0.0
-123.551851 39.905671 -17.130000 14.590000 0.070000 0.070000 0.0
-123.186786 39.492828 -16.800000 14.660000 0.110000 0.110000 0.0
-123.394948 39.897221 -14.380000 16.340000 0.150000 0.150000 0.0
-123.182482 39.962144 -10.400000 7.960000 0.100000 0.100000 0.0
-123.655738 40.256838 -10.320000 14.220000 0.060000 0.060000 0.0
-123.698930 40.575314 -5.740000 9.770000 0.040000 0.040000 0.0
-123.573065 40.478861 -7.060000 8.990000 0.130000 0.130000 0.0
-123.452047 40.082215 -13.480000 12.940000 0.090000 0.090000 0.0
-123.135582 40.324069 -8.540000 7.900000 0.060000 0.060000 0.0
-123.324143 40.732915 -5.390000 8.330000 0.050000 0.050000 0.0
-123.174504 40.546651 -7.250000 7.860000 0.060000 0.060000 0.0
-122.735872 39.493593 -10.330000 7.770000 0.070000 0.070000 0.0
-122.873638 39.726191 -10.320000 7.820000 0.100000 0.100000 0.0
-122.430484 39.528081 -9.320000 7.070000 0.040000 0.040000 0.0
-122.868805 40.296189 -8.070000 7.800000 0.110000 0.110000 0.0
-122.923029 40.747553 -6.430000 7.500000 0.050000 0.050000 0.0
-122.668250 40.034111 -9.030000 7.270000 0.030000 0.030000 0.0
-122.606900 40.650657 -7.100000 7.050000 0.050000 0.050000 0.0
-123.334211 40.887129 -4.620000 8.420000 0.060000 0.060000 0.0
-122.027972 39.929124 -9.330000 6.980000 0.050000 0.050000 0.0
-122.270807 40.271235 -8.580000 7.010000 0.050000 0.050000 0.0
-121.828003 40.905546 -6.500000 5.660000 0.040000 0.040000 0.0
-122.319351 40.731086 -6.980000 6.600000 0.160000 0.160000 0.0
-122.237611 37.061233 -26.910000 35.270000 0.030000 0.030000 0.0
-122.206322 41.294486 -4.680000 6.130000 0.070000 0.070000 0.0
-122.293848 41.381240 -4.030000 6.130000 0.070000 0.070000 0.0
-122.190912 41.479177 -4.050000 5.750000 0.090000 0.090000 0.0
-122.092664 41.453734 -4.630000 5.420000 0.100000 0.100000 0.0
-122.067678 41.409592 -4.480000 5.680000 0.060000 0.060000 0.0
-122.312671 41.463598 -3.920000 6.040000 0.040000 0.040000 0.0
-121.495905 40.473197 -6.310000 7.860000 0.080000 0.080000 0.0
-121.525755 40.456129 -4.920000 9.140000 0.400000 0.400000 0.0
-121.514510 40.465346 -5.690000 8.650000 0.310000 0.310000 0.0
-121.463077 40.508994 -8.750000 4.270000 0.050000 0.050000 0.0
-121.603787 40.492125 -5.750000 6.650000 0.130000 0.130000 0.0
-121.428209 40.409142 -9.280000 10.090000 0.080000 0.080000 0.0
-121.506938 41.711571 -3.870000 4.620000 0.040000 0.040000 0.0
-121.613015 41.585824 -2.860000 5.620000 0.040000 0.040000 0.0
-121.489986 41.616323 -5.330000 4.490000 0.060000 0.060000 0.0
-124.255200 41.782742 3.160000 11.930000 0.070000 0.070000 0.0
-121.558268 37.666508 -10.530000 9.620000 0.080000 0.080000 0.0
-122.204264 37.416518 -21.870000 28.310000 0.130000 0.130000 0.0
-121.820599 39.205836 -9.960000 7.100000 0.050000 0.050000 0.0
-124.150867 41.053886 3.150000 16.370000 0.100000 0.100000 0.0
-122.458151 37.762969 -19.780000 27.400000 0.080000 0.080000 0.0
-122.540650 40.580101 -7.550000 7.040000 0.210000 0.210000 0.0
-122.710736 41.731656 -2.640000 7.000000 0.040000 0.040000 0.0
