-122.152600 37.919400 -14.526000 15.369000 0.182000 0.182000 0.0
-124.184300 41.745600 1.815000 10.996000 0.417000 0.417000 0.0
-121.805300 39.714100 -9.041000 6.891000 0.353000 0.353000 0.0
-122.505000 37.728000 -20.262000 27.838000 0.310000 0.310000 0.0
-121.365100 38.381100 -10.311000 6.953000 0.210000 0.210000 0.0
-122.067900 38.249100 -10.637000 9.119000 0.177000 0.177000 0.0
-121.431100 41.017900 -4.175000 4.726000 0.831000 0.831000 0.0
-122.490300 37.506200 -24.627000 32.785000 0.217000 0.217000 0.0
-121.609800 39.496300 -8.870000 8.046000 0.266000 0.266000 0.0
-122.222100 37.714200 -18.616000 23.393000 0.194000 0.194000 0.0
-121.067800 37.430300 -12.399000 8.298000 0.325000 0.325000 0.0
-121.901600 37.695600 -13.769000 14.341000 0.381000 0.381000 0.0
-121.312600 38.790400 -9.764000 6.602000 0.197000 0.197000 0.0
-122.747000 38.440700 -16.223000 24.621000 0.217000 0.217000 0.0
-122.215700 39.521600 -9.564000 6.493000 0.498000 0.498000 0.0
-121.642600 39.145300 -9.463000 7.005000 0.195000 0.195000 0.0
-122.400500 37.748800 -19.654000 26.078000 0.252000 0.252000 0.0
-122.119300 37.724100 -15.023000 18.131000 0.201000 0.201000 0.0
-121.665000 39.432600 -9.684000 6.533000 0.129000 0.129000 0.0
-121.664900 39.432900 -9.442000 6.381000 0.120000 0.120000 0.0
-124.396300 40.441800 -6.941000 30.428000 0.233000 0.233000 0.0
-124.396300 40.441400 -7.116000 31.069000 0.318000 0.318000 0.0
-121.278500 37.896400 -11.543000 7.047000 0.302000 0.302000 0.0
-121.859900 37.319000 -19.236000 23.598000 0.152000 0.152000 0.0
-121.915600 37.878600 -11.281000 10.808000 0.160000 0.160000 0.0
-121.828600 38.468700 -10.550000 6.806000 0.321000 0.321000 0.0
-121.855100 37.727600 -14.210000 19.256000 0.643000 0.643000 0.0
-122.283800 37.815000 -18.151000 23.317000 0.143000 0.143000 0.0
-123.000800 37.697200 -26.686000 36.546000 0.092000 0.092000 0.0
-122.715900 39.654700 -10.104000 6.006000 0.509000 0.509000 0.0
-121.469900 40.815900 -6.193000 4.612000 0.151000 0.151000 0.0
-123.074700 38.995200 -17.783000 21.042000 0.212000 0.212000 0.0
-122.369400 37.592100 -21.132000 27.567000 0.216000 0.216000 0.0
-121.407700 38.537200 -9.668000 7.755000 0.406000 0.406000 0.0
-122.227400 37.406200 -22.022000 27.858000 0.204000 0.204000 0.0
-121.702100 37.703000 -11.257000 9.773000 0.280000 0.280000 0.0
-121.350200 38.846500 -9.931000 6.808000 0.107000 0.107000 0.0
-121.350500 38.846500 -9.992000 6.842000 0.116000 0.116000 0.0
-122.243800 37.875000 -16.327000 14.271000 0.795000 0.795000 0.0
-122.243700 37.875400 -20.607000 12.645000 0.710000 0.710000 0.0
-122.240100 37.878000 -12.776000 13.684000 0.445000 0.445000 0.0
-121.865200 37.286900 -19.415000 23.461000 0.116000 0.116000 0.0
-122.190500 39.273900 -10.960000 4.596000 0.617000 0.617000 0.0
-122.880200 38.144800 -22.490000 29.820000 0.574000 0.574000 0.0
-121.642600 37.341500 -11.400000 10.999000 0.121000 0.121000 0.0
-122.494300 37.842300 -19.913000 25.909000 0.210000 0.210000 0.0
-121.834100 37.449000 -15.719000 16.476000 0.264000 0.264000 0.0
-122.442800 38.878700 -10.265000 12.778000 0.224000 0.224000 0.0
-122.419900 37.946600 -17.106000 21.947000 0.387000 0.387000 0.0
-121.866900 37.485300 -15.238000 16.044000 0.088000 0.088000 0.0
-121.924900 37.556300 -14.722000 16.679000 0.275000 0.275000 0.0
-122.273000 38.006300 -14.211000 17.189000 0.164000 0.164000 0.0
-121.500300 39.554600 -9.461000 6.154000 0.086000 0.086000 0.0
-122.424300 37.499400 -24.527000 31.483000 0.189000 0.189000 0.0
-124.075400 40.876300 1.636000 16.447000 0.151000 0.151000 0.0
-123.726200 38.928300 -25.028000 34.952000 0.116000 0.116000 0.0
-122.414900 40.997600 -5.993000 5.867000 0.151000 0.151000 0.0
-123.360100 41.807100 -1.787000 8.068000 0.213000 0.213000 0.0
-123.188800 41.272400 -3.791000 7.437000 0.198000 0.198000 0.0
-123.906100 40.024400 -19.857000 23.380000 0.227000 0.227000 0.0
-124.308100 40.247500 -18.777000 31.891000 0.199000 0.199000 0.0
-124.107200 40.422500 -5.585000 21.699000 0.247000 0.247000 0.0
-124.282800 40.504800 -2.750000 25.877000 0.264000 0.264000 0.0
-124.133300 40.551300 -2.533000 20.399000 0.141000 0.141000 0.0
-124.213100 40.637400 0.700000 21.042000 0.154000 0.154000 0.0
-124.237000 40.691100 2.409000 20.610000 0.130000 0.130000 0.0
-124.057300 40.219600 -14.338000 23.730000 0.188000 0.188000 0.0
-123.693300 40.119300 -14.647000 15.029000 0.150000 0.150000 0.0
-123.853300 40.245500 -11.737000 17.504000 0.216000 0.216000 0.0
-123.862800 40.435200 -6.004000 15.701000 0.174000 0.174000 0.0
-123.880200 40.543700 -3.833000 14.889000 0.191000 0.191000 0.0
-123.881500 40.668600 -1.572000 14.444000 0.159000 0.159000 0.0
-123.967700 40.791100 0.578000 15.178000 0.112000 0.112000 0.0
-123.863300 40.880200 -1.669000 11.686000 0.149000 0.149000 0.0
-122.357100 37.471800 -23.797000 30.514000 0.151000 0.151000 0.0
-122.495100 37.528200 -24.697000 32.740000 0.163000 0.163000 0.0
-122.332400 37.534500 -22.075000 27.492000 0.116000 0.116000 0.0
-122.376800 37.914500 -18.453000 23.738000 0.105000 0.105000 0.0
-123.181200 38.495000 -21.107000 31.617000 0.112000 0.112000 0.0
-123.068900 38.313700 -22.080000 32.904000 0.096000 0.096000 0.0
-123.708900 39.117200 -22.948000 29.957000 0.146000 0.146000 0.0
-123.749300 39.261300 -22.864000 28.672000 0.091000 0.091000 0.0
-123.518200 39.150200 -20.863000 25.356000 0.192000 0.192000 0.0
-123.602500 39.352500 -22.684000 23.221000 0.171000 0.171000 0.0
-123.229600 38.667900 -19.946000 29.348000 0.176000 0.176000 0.0
-123.348400 38.987400 -20.158000 26.101000 0.140000 0.140000 0.0
-123.204000 39.242000 -17.079000 17.375000 0.149000 0.149000 0.0
-123.105200 39.319700 -15.293000 14.432000 0.131000 0.131000 0.0
-122.908100 38.122900 -22.569000 32.431000 0.100000 0.100000 0.0
-122.816300 38.185700 -19.440000 28.155000 0.105000 0.105000 0.0
-122.959300 38.664700 -17.107000 25.484000 0.177000 0.177000 0.0
-122.742600 38.298100 -17.253000 25.280000 0.084000 0.084000 0.0
-122.767400 38.428600 -16.197000 25.786000 0.158000 0.158000 0.0
-122.607400 38.259900 -16.890000 23.391000 0.133000 0.133000 0.0
-122.503400 38.263700 -14.326000 19.994000 0.131000 0.131000 0.0
-122.451700 38.239800 -14.805000 19.392000 0.124000 0.124000 0.0
-122.658400 38.559800 -12.513000 18.282000 0.117000 0.117000 0.0
-122.496000 38.423600 -13.810000 17.849000 0.131000 0.131000 0.0
-122.917000 38.866100 -14.655000 16.112000 0.172000 0.172000 0.0
-122.710500 38.666500 -12.201000 18.233000 0.128000 0.128000 0.0
-122.963100 39.398100 -14.270000 12.925000 0.244000 0.244000 0.0
-122.575800 38.777800 -11.296000 15.151000 0.159000 0.159000 0.0
-122.718600 39.260000 -11.623000 6.856000 0.234000 0.234000 0.0
-122.303900 39.109300 -10.077000 6.710000 0.132000 0.132000 0.0
-122.126700 37.069300 -26.162000 33.127000 0.141000 0.141000 0.0
-121.990800 37.201700 -21.493000 27.574000 0.116000 0.116000 0.0
-121.796600 37.001000 -24.100000 29.688000 0.201000 0.201000 0.0
-121.762900 37.048800 -21.725000 26.145000 0.180000 0.180000 0.0
-121.726200 37.002400 -22.608000 27.440000 0.130000 0.130000 0.0
-121.650600 37.104500 -19.560000 22.346000 0.151000 0.151000 0.0
-121.714000 37.203500 -20.064000 22.485000 0.170000 0.170000 0.0
-122.284800 37.342500 -23.208000 31.109000 0.227000 0.227000 0.0
-122.214300 37.329900 -23.240000 29.924000 0.144000 0.144000 0.0
-122.099000 37.337000 -21.127000 27.069000 0.141000 0.141000 0.0
-122.083300 37.539200 -19.550000 23.437000 0.091000 0.091000 0.0
-122.099800 37.722100 -15.593000 18.034000 0.102000 0.102000 0.0
-122.219100 37.863900 -14.727000 18.381000 0.108000 0.108000 0.0
-122.058300 37.713900 -15.208000 17.191000 0.120000 0.120000 0.0
-121.825600 37.336800 -19.300000 23.830000 0.196000 0.196000 0.0
-121.789600 37.533000 -11.887000 12.236000 0.153000 0.153000 0.0
-121.686900 37.601800 -11.020000 10.513000 0.136000 0.136000 0.0
-121.978000 37.749400 -13.992000 15.165000 0.136000 0.136000 0.0
-121.786400 37.819000 -10.538000 8.612000 0.157000 0.157000 0.0
-121.542000 37.007800 -19.292000 22.239000 0.150000 0.150000 0.0
-121.574300 37.213000 -12.377000 11.660000 0.112000 0.112000 0.0
-121.354500 37.010800 -12.399000 9.242000 0.117000 0.117000 0.0
-121.868700 37.975600 -10.542000 9.741000 0.138000 0.138000 0.0
-121.057700 37.169600 -10.549000 7.876000 0.103000 0.103000 0.0
-121.653000 37.478400 -11.415000 10.606000 0.145000 0.145000 0.0
-121.469200 37.489600 -10.548000 8.898000 0.147000 0.147000 0.0
-121.324900 37.581900 -10.426000 8.509000 0.115000 0.115000 0.0
-121.604800 37.932000 -10.574000 7.996000 0.103000 0.103000 0.0
-121.464000 37.755300 -10.748000 8.250000 0.140000 0.140000 0.0
-121.283300 37.385400 -10.134000 8.062000 0.147000 0.147000 0.0
-121.100600 37.433000 -9.785000 7.836000 0.104000 0.104000 0.0
-121.084000 37.711200 -10.443000 7.127000 0.230000 0.230000 0.0
-122.217500 38.153000 -11.358000 13.448000 0.213000 0.213000 0.0
-122.096100 38.025100 -12.697000 14.824000 0.163000 0.163000 0.0
-122.429200 38.577700 -11.722000 14.599000 0.141000 0.141000 0.0
-122.195300 38.444200 -11.045000 10.355000 0.126000 0.126000 0.0
-121.954200 38.530200 -10.165000 7.780000 0.120000 0.120000 0.0
-121.843500 38.184000 -10.274000 8.207000 0.114000 0.114000 0.0
-121.823200 38.380300 -9.537000 7.756000 0.151000 0.151000 0.0
-121.646400 38.473500 -10.850000 7.245000 0.102000 0.102000 0.0
-122.354600 38.999500 -8.722000 7.741000 0.158000 0.158000 0.0
-122.055200 39.243800 -9.939000 6.297000 0.110000 0.110000 0.0
-121.714500 38.657400 -10.780000 6.424000 0.143000 0.143000 0.0
-121.943100 39.145500 -9.271000 5.796000 0.117000 0.117000 0.0
-121.388100 38.115800 -10.165000 7.441000 0.273000 0.273000 0.0
-121.460500 38.283100 -10.925000 7.167000 0.166000 0.166000 0.0
-121.214600 38.321500 -10.148000 7.160000 0.094000 0.094000 0.0
-121.095200 38.645300 -9.939000 7.068000 0.080000 0.080000 0.0
-122.366900 37.192400 -26.757000 34.901000 0.100000 0.100000 0.0
-123.698400 39.529200 -22.522000 24.081000 0.175000 0.175000 0.0
-123.564500 39.554300 -21.771000 21.538000 0.156000 0.156000 0.0
-123.581800 39.685700 -22.308000 19.142000 0.107000 0.107000 0.0
-123.716900 39.863600 -21.531000 19.864000 0.165000 0.165000 0.0
-124.086100 41.559100 0.070000 9.822000 0.224000 0.224000 0.0
-123.551800 39.905700 -17.677000 13.637000 0.183000 0.183000 0.0
-123.371900 39.452400 -17.931000 14.407000 0.127000 0.127000 0.0
-123.295100 39.707100 -17.687000 8.692000 0.198000 0.198000 0.0
-123.186800 39.492800 -17.209000 13.459000 0.234000 0.234000 0.0
-123.394900 39.897200 -14.945000 15.509000 0.247000 0.247000 0.0
-123.182500 39.962100 -11.180000 7.483000 0.221000 0.221000 0.0
-123.655700 40.256800 -10.939000 13.547000 0.129000 0.129000 0.0
-123.882600 41.151700 -0.315000 10.138000 0.145000 0.145000 0.0
-123.698900 40.575300 -5.937000 9.066000 0.156000 0.156000 0.0
-123.573100 40.478900 -8.277000 9.002000 0.273000 0.273000 0.0
-123.452000 40.082200 -13.991000 12.154000 0.165000 0.165000 0.0
-123.135600 40.324100 -9.041000 7.207000 0.159000 0.159000 0.0
-123.324100 40.732900 -5.874000 7.648000 0.172000 0.172000 0.0
-123.174500 40.546700 -7.739000 7.014000 0.186000 0.186000 0.0
-122.975800 39.621400 -11.644000 7.570000 0.175000 0.175000 0.0
-122.735900 39.493600 -10.701000 6.875000 0.197000 0.197000 0.0
-122.873600 39.726200 -10.693000 6.993000 0.212000 0.212000 0.0
-122.430500 39.528100 -9.687000 6.336000 0.127000 0.127000 0.0
-122.868800 40.296200 -8.701000 6.651000 0.218000 0.218000 0.0
-122.923000 40.747600 -6.751000 6.751000 0.173000 0.173000 0.0
-122.668200 40.034100 -9.370000 6.431000 0.170000 0.170000 0.0
-123.049800 39.409300 -11.353000 5.340000 0.599000 0.599000 0.0
-122.606900 40.650700 -7.477000 6.326000 0.201000 0.201000 0.0
-123.334200 40.887100 -4.901000 7.720000 0.189000 0.189000 0.0
-122.028000 39.929100 -9.634000 6.188000 0.110000 0.110000 0.0
-122.270800 40.271200 -8.803000 6.142000 0.129000 0.129000 0.0
-121.828000 40.905500 -6.554000 4.878000 0.165000 0.165000 0.0
-122.319400 40.731100 -7.094000 5.671000 0.175000 0.175000 0.0
-122.237600 37.061200 -26.917000 34.312000 0.105000 0.105000 0.0
-122.206300 41.294500 -4.955000 5.257000 0.195000 0.195000 0.0
-122.195800 41.344800 -5.167000 4.908000 0.377000 0.377000 0.0
-122.293800 41.381200 -4.055000 5.509000 0.198000 0.198000 0.0
-122.190900 41.479200 -4.078000 5.033000 0.253000 0.253000 0.0
-122.092700 41.453700 -4.426000 4.610000 0.343000 0.343000 0.0
-122.067700 41.409600 -4.489000 4.917000 0.336000 0.336000 0.0
-122.312700 41.463600 -3.919000 5.114000 0.191000 0.191000 0.0
-122.152900 41.531900 -4.093000 5.126000 0.194000 0.194000 0.0
-121.495900 40.473200 -6.623000 7.245000 0.397000 0.397000 0.0
-121.525800 40.456100 -5.102000 8.419000 0.271000 0.271000 0.0
-121.514500 40.465300 -5.847000 7.921000 0.295000 0.295000 0.0
-121.467400 40.465800 -10.109000 7.442000 0.442000 0.442000 0.0
-121.463100 40.509000 -8.891000 3.561000 0.322000 0.322000 0.0
-121.603800 40.492100 -6.285000 5.179000 0.274000 0.274000 0.0
-121.577200 40.539900 -5.967000 4.126000 0.243000 0.243000 0.0
-121.428200 40.409100 -9.570000 9.016000 0.298000 0.298000 0.0
-121.506900 41.711600 -3.949000 3.820000 0.156000 0.156000 0.0
-121.613000 41.585800 -3.083000 4.875000 0.259000 0.259000 0.0
-121.490000 41.616300 -5.335000 3.692000 0.165000 0.165000 0.0
-121.071600 37.699000 -10.611000 7.647000 0.168000 0.168000 0.0
-122.420500 41.830800 -2.585000 5.508000 0.238000 0.238000 0.0
-123.980800 41.845500 0.174000 10.242000 0.274000 0.274000 0.0
-123.573100 40.478800 -7.939000 9.064000 0.281000 0.281000 0.0
-122.963800 39.845700 -10.671000 7.406000 0.241000 0.241000 0.0
-122.418900 37.853100 -21.171000 21.525000 0.249000 0.249000 0.0
-122.419400 37.853200 -14.739000 21.665000 0.599000 0.599000 0.0
-121.762600 38.685000 -10.213000 6.347000 0.175000 0.175000 0.0
-122.279100 37.795700 -17.921000 23.479000 0.219000 0.219000 0.0
-121.935400 38.202600 -10.134000 8.167000 0.151000 0.151000 0.0
-122.389900 37.187100 -27.546000 34.885000 0.192000 0.192000 0.0
-122.389800 37.186800 -27.630000 34.419000 0.391000 0.391000 0.0
-122.390000 37.187100 -27.056000 35.230000 0.120000 0.120000 0.0
-122.389800 37.186800 -26.523000 33.550000 0.150000 0.150000 0.0
-123.018700 37.996200 -25.337000 35.495000 0.126000 0.126000 0.0
-121.944200 38.209500 -10.550000 8.001000 0.295000 0.295000 0.0
-124.255200 41.782700 3.070000 10.977000 0.134000 0.134000 0.0
-122.373900 40.625300 -8.656000 6.862000 0.610000 0.610000 0.0
-121.560800 37.018500 -18.997000 22.257000 0.197000 0.197000 0.0
-122.062900 37.816400 -14.813000 15.298000 0.299000 0.299000 0.0
-121.558300 37.666500 -10.617000 8.713000 0.106000 0.106000 0.0
-121.354200 38.655000 -9.147000 6.227000 0.266000 0.266000 0.0
-122.410800 37.686400 -20.239000 27.736000 0.297000 0.297000 0.0
-122.410400 37.686200 -20.774000 26.818000 0.470000 0.470000 0.0
-122.002100 37.651800 -14.958000 17.032000 0.326000 0.326000 0.0
-121.354300 37.981800 -10.162000 7.619000 0.141000 0.141000 0.0
-122.204300 37.416500 -22.220000 27.483000 0.117000 0.117000 0.0
-121.925500 37.166400 -21.262000 25.700000 0.182000 0.182000 0.0
-122.267000 37.874400 -17.420000 22.752000 0.241000 0.241000 0.0
-122.173300 37.426900 -21.306000 25.511000 0.258000 0.258000 0.0
-122.173300 37.426900 -20.538000 25.106000 0.320000 0.320000 0.0
-121.820600 39.205800 -10.067000 6.010000 0.144000 0.144000 0.0
-122.526300 38.033200 -19.098000 23.788000 0.151000 0.151000 0.0
-122.457700 37.611700 -23.138000 29.745000 0.270000 0.270000 0.0
-122.588300 37.927900 -20.314000 25.775000 0.290000 0.290000 0.0
-121.935500 37.351500 -19.580000 22.989000 0.343000 0.343000 0.0
-122.447600 37.890900 -19.080000 24.280000 0.109000 0.109000 0.0
-122.615900 37.997400 -20.021000 25.166000 0.291000 0.291000 0.0
-124.150900 41.053900 3.057000 15.492000 0.129000 0.129000 0.0
-121.751200 38.536200 -9.626000 7.312000 0.129000 0.129000 0.0
-122.458200 37.763000 -19.388000 26.575000 0.167000 0.167000 0.0
-121.946900 38.394500 -10.607000 8.806000 0.286000 0.286000 0.0
-122.540700 40.580100 -8.197000 5.569000 0.635000 0.635000 0.0
-122.140600 37.652700 -18.845000 22.893000 0.102000 0.102000 0.0
-122.140600 37.652600 -18.531000 22.306000 0.177000 0.177000 0.0
-122.710700 41.731700 -2.533000 6.039000 0.149000 0.149000 0.0
-122.015900 37.543100 -18.984000 22.618000 0.129000 0.129000 0.0
-122.015900 37.543000 -19.105000 22.873000 0.146000 0.146000 0.0
