-123.59999999999962 39.37999999999994 2.5458912017300173 -38.553431779048644 0 0 0
-123.59999999999962 39.37999999999994 -2.5458912017300173 38.553431779048644 0 0 0
-123.11999999999955 39.37999999999994 43.76613998806956 -13.465611077384139 0 0 0
-123.11999999999955 39.37999999999994 -43.76613998806956 13.465611077384139 0 0 0
-123.11999999999955 39.37999999999994 4.7239234449033205 15.353769954770287 0 0 0
-123.11999999999955 39.37999999999994 -4.7239234449033205 -15.353769954770287 0 0 0
-122.63999999999947 39.37999999999994 2.712648562925491 0.3580797536913119 0 0 0
-122.63999999999947 39.37999999999994 -2.712648562925491 -0.3580797536913119 0 0 0
-122.1599999999994 39.37999999999994 -2.059870474172285 -83.32729791459006 0 0 0
-122.1599999999994 39.37999999999994 2.059870474172285 83.32729791459006 0 0 0
-124.0799999999997 39.85999999999993 -5.287927783851518 -17.82869468650692 0 0 0
-124.0799999999997 39.85999999999993 5.287927783851518 17.82869468650692 0 0 0
-123.59999999999962 39.85999999999993 -0.741466116545419 0.11811072202583824 0 0 0
-123.59999999999962 39.85999999999993 0.741466116545419 -0.11811072202583824 0 0 0
-123.59999999999962 39.85999999999993 -2.8558424056898173 -17.92818079250522 0 0 0
-123.59999999999962 39.85999999999993 2.8558424056898173 17.92818079250522 0 0 0
-123.11999999999955 39.85999999999993 -87.45430065213274 -129.55842197389413 0 0 0
-123.11999999999955 39.85999999999993 87.45430065213274 129.55842197389413 0 0 0
-122.63999999999947 39.85999999999993 0.9200160345912594 -6.87514646718042 0 0 0
-122.63999999999947 39.85999999999993 -0.9200160345912594 6.87514646718042 0 0 0
-122.1599999999994 39.85999999999993 -14.734209265319615 -28.812364669398963 0 0 0
-122.1599999999994 39.85999999999993 14.734209265319615 28.812364669398963 0 0 0
-121.67999999999932 39.85999999999993 -9.340333711268842 -28.312842822797165 0 0 0
-121.67999999999932 39.85999999999993 9.340333711268842 28.312842822797165 0 0 0
-121.19999999999925 39.85999999999993 -1.4943846417432276 -17.598184250851453 0 0 0
-121.19999999999925 39.85999999999993 1.4943846417432276 17.598184250851453 0 0 0
-120.71999999999917 39.85999999999993 -1.7647150688730624 0.3238854405952507 0 0 0
-120.71999999999917 39.85999999999993 1.7647150688730624 -0.3238854405952507 0 0 0
-120.71999999999917 39.85999999999993 -3.3418794872856807 -18.20849087483589 0 0 0
-120.71999999999917 39.85999999999993 3.3418794872856807 18.20849087483589 0 0 0
-120.2399999999991 39.85999999999993 5.891628580932766 2.3279349334920547 0 0 0
-120.2399999999991 39.85999999999993 -5.891628580932766 -2.3279349334920547 0 0 0
-123.59999999999962 40.33999999999992 -58.48432402776708 -67.51931708628533 0 0 0
-123.59999999999962 40.33999999999992 58.48432402776708 67.51931708628533 0 0 0
-122.63999999999947 40.33999999999992 24.805203602684205 -45.645667537800826 0 0 0
-122.63999999999947 40.33999999999992 -24.805203602684205 45.645667537800826 0 0 0
-121.67999999999932 40.33999999999992 1.4429736586301387 -0.5251528103152084 0 0 0
-121.67999999999932 40.33999999999992 -1.4429736586301387 0.5251528103152084 0 0 0
-120.71999999999917 40.33999999999992 4.790587171788299 0.8658689795727862 0 0 0
-120.71999999999917 40.33999999999992 -4.790587171788299 -0.8658689795727862 0 0 0
-120.2399999999991 40.33999999999992 -0.4620908291002097 0.3026496380263729 0 0 0
-120.2399999999991 40.33999999999992 0.4620908291002097 -0.3026496380263729 0 0 0
-120.2399999999991 40.33999999999992 -13.322635048644868 -20.341235216978394 0 0 0
-120.2399999999991 40.33999999999992 13.322635048644868 20.341235216978394 0 0 0
-119.75999999999902 40.33999999999992 2.689386523763143 0.527461915373843 0 0 0
-119.75999999999902 40.33999999999992 -2.689386523763143 -0.527461915373843 0 0 0
-124.0799999999997 40.81999999999991 41.96363325004006 -12.269197153868323 0 0 0
-124.0799999999997 40.81999999999991 -41.96363325004006 12.269197153868323 0 0 0
-123.59999999999962 40.81999999999991 96.3099622783976 40.098909703353904 0 0 0
-123.59999999999962 40.81999999999991 -96.3099622783976 -40.098909703353904 0 0 0
-122.63999999999947 40.81999999999991 52.09440527969176 7.989215816361294 0 0 0
-122.63999999999947 40.81999999999991 -52.09440527969176 -7.989215816361294 0 0 0
-121.67999999999932 40.81999999999991 30.168075016858563 -26.036888307980792 0 0 0
-121.67999999999932 40.81999999999991 -30.168075016858563 26.036888307980792 0 0 0
-121.19999999999925 40.81999999999991 -2.0209006609428926 -16.143412075393833 0 0 0
-121.19999999999925 40.81999999999991 2.0209006609428926 16.143412075393833 0 0 0
-120.71999999999917 40.81999999999991 -0.6053186488180627 0.37136750131811536 0 0 0
-120.71999999999917 40.81999999999991 0.6053186488180627 -0.37136750131811536 0 0 0
-120.71999999999917 40.81999999999991 -13.304933039367654 -21.686669031133032 0 0 0
-120.71999999999917 40.81999999999991 13.304933039367654 21.686669031133032 0 0 0
-120.2399999999991 40.81999999999991 2.9990533386232583 -0.8649802161501331 0 0 0
-120.2399999999991 40.81999999999991 -2.9990533386232583 0.8649802161501331 0 0 0
-124.0799999999997 41.2999999999999 118.98997382537065 39.675511952364914 0 0 0
-124.0799999999997 41.2999999999999 -118.98997382537065 -39.675511952364914 0 0 0
-123.59999999999962 41.2999999999999 20.026777786617167 -21.375315205235847 0 0 0
-123.59999999999962 41.2999999999999 -20.026777786617167 21.375315205235847 0 0 0
-123.11999999999955 41.2999999999999 16.152418595310486 -10.954069291109798 0 0 0
-123.11999999999955 41.2999999999999 -16.152418595310486 10.954069291109798 0 0 0
-122.63999999999947 41.2999999999999 16.414439499798522 -7.599069585629857 0 0 0
-122.63999999999947 41.2999999999999 -16.414439499798522 7.599069585629857 0 0 0
-122.1599999999994 41.2999999999999 7.416936441380709 -24.24220841548167 0 0 0
-122.1599999999994 41.2999999999999 -7.416936441380709 24.24220841548167 0 0 0
-121.67999999999932 41.2999999999999 -3.253847964756727 -9.001393805211807 0 0 0
-121.67999999999932 41.2999999999999 3.253847964756727 9.001393805211807 0 0 0
-121.19999999999925 41.2999999999999 -2.707297296537416 -9.116842250117225 0 0 0
-121.19999999999925 41.2999999999999 2.707297296537416 9.116842250117225 0 0 0
-120.71999999999917 41.2999999999999 0.8894069727699703 -0.2833694260985254 0 0 0
-120.71999999999917 41.2999999999999 -0.8894069727699703 0.2833694260985254 0 0 0
-120.2399999999991 41.2999999999999 2.7053668282100705 -0.35777519732507046 0 0 0
-120.2399999999991 41.2999999999999 -2.7053668282100705 0.35777519732507046 0 0 0
-124.0799999999997 41.77999999999989 105.07828514549377 26.148072780563457 0 0 0
-124.0799999999997 41.77999999999989 -105.07828514549377 -26.148072780563457 0 0 0
-123.11999999999955 41.77999999999989 3.8316662202994047 -23.377344968118816 0 0 0
-123.11999999999955 41.77999999999989 -3.8316662202994047 23.377344968118816 0 0 0
-122.63999999999947 41.77999999999989 7.580604415420719 -21.064144543976376 0 0 0
-122.63999999999947 41.77999999999989 -7.580604415420719 21.064144543976376 0 0 0
-122.1599999999994 41.77999999999989 1.5590874118458913 1.1984895616839004 0 0 0
-122.1599999999994 41.77999999999989 -1.5590874118458913 -1.1984895616839004 0 0 0
-121.67999999999932 41.77999999999989 7.277305451988667 -1.2944578699201765 0 0 0
-121.67999999999932 41.77999999999989 -7.277305451988667 1.2944578699201765 0 0 0
-120.71999999999917 41.77999999999989 -0.04124817545981921 -0.09234008328483549 0 0 0
-120.71999999999917 41.77999999999989 0.04124817545981921 0.09234008328483549 0 0 0
-120.2399999999991 41.77999999999989 2.963737436894496 -0.06270829729265351 0 0 0
-120.2399999999991 41.77999999999989 -2.963737436894496 0.06270829729265351 0 0 0
-124.0799999999997 42.25999999999988 21.069976970495976 19.399444115803075 0 0 0
-124.0799999999997 42.25999999999988 -21.069976970495976 -19.399444115803075 0 0 0
-123.59999999999962 42.25999999999988 -11.639279794246267 -42.092850190696325 0 0 0
-123.59999999999962 42.25999999999988 11.639279794246267 42.092850190696325 0 0 0
-123.11999999999955 42.25999999999988 -15.716157908805584 0.18392431879981494 0 0 0
-123.11999999999955 42.25999999999988 15.716157908805584 -0.18392431879981494 0 0 0
-123.11999999999955 42.25999999999988 -0.4471943398535485 -38.21233052227301 0 0 0
-123.11999999999955 42.25999999999988 0.4471943398535485 38.21233052227301 0 0 0
-122.63999999999947 42.25999999999988 15.560340988702619 -11.356211853611933 0 0 0
-122.63999999999947 42.25999999999988 -15.560340988702619 11.356211853611933 0 0 0
-121.67999999999932 42.25999999999988 4.725953267658504 -0.6033522842190873 0 0 0
-121.67999999999932 42.25999999999988 -4.725953267658504 0.6033522842190873 0 0 0
-120.71999999999917 42.25999999999988 -0.04124817545981839 -0.0923400832848338 0 0 0
-120.71999999999917 42.25999999999988 0.04124817545981839 0.0923400832848338 0 0 0
-120.2399999999991 42.25999999999988 1.209656838414779 -0.11742120840349504 0 0 0
-120.2399999999991 42.25999999999988 -1.209656838414779 0.11742120840349504 0 0 0
-119.75999999999902 42.25999999999988 1.1682188710101091 -0.11502520015435404 0 0 0
-119.75999999999902 42.25999999999988 -1.1682188710101091 0.11502520015435404 0 0 0
-124.55999999999977 42.73999999999987 21.141886570690602 20.92115636287147 0 0 0
-124.55999999999977 42.73999999999987 -21.141886570690602 -20.92115636287147 0 0 0
-124.0799999999997 42.73999999999987 19.416499491316596 17.26078139530923 0 0 0
-124.0799999999997 42.73999999999987 -19.416499491316596 -17.26078139530923 0 0 0
-123.59999999999962 42.73999999999987 1.7513814263508227 0.9877451005239604 0 0 0
-123.59999999999962 42.73999999999987 -1.7513814263508227 -0.9877451005239604 0 0 0
-122.1599999999994 42.73999999999987 -4.724321505790722 -3.096411246781895 0 0 0
-122.1599999999994 42.73999999999987 4.724321505790722 3.096411246781895 0 0 0
-122.1599999999994 42.73999999999987 4.058312293172772 -6.19193334340756 0 0 0
-122.1599999999994 42.73999999999987 -4.058312293172772 6.19193334340756 0 0 0
-121.67999999999932 42.73999999999987 -2.293249381467326 2.0611004359778957 0 0 0
-121.67999999999932 42.73999999999987 2.293249381467326 -2.0611004359778957 0 0 0
-121.67999999999932 42.73999999999987 -5.262085241466751 -5.854772292790582 0 0 0
-121.67999999999932 42.73999999999987 5.262085241466751 5.854772292790582 0 0 0
-121.19999999999925 42.73999999999987 1.6660766812853802 -2.8767314238226174 0 0 0
-121.19999999999925 42.73999999999987 -1.6660766812853802 2.8767314238226174 0 0 0
-120.71999999999917 42.73999999999987 0.617560642365093 -1.9286756944304895 0 0 0
-120.71999999999917 42.73999999999987 -0.617560642365093 1.9286756944304895 0 0 0
-120.2399999999991 42.73999999999987 0.5596485868603727 -0.7504463880911068 0 0 0
-120.2399999999991 42.73999999999987 -0.5596485868603727 0.7504463880911068 0 0 0
-119.75999999999902 42.73999999999987 2.076605904464165 -1.0895140698765364 0 0 0
-119.75999999999902 42.73999999999987 -2.076605904464165 1.0895140698765364 0 0 0
-124.55999999999977 43.21999999999986 41.814809060818 4.928256635494525 0 0 0
-124.55999999999977 43.21999999999986 -41.814809060818 -4.928256635494525 0 0 0
-124.0799999999997 43.21999999999986 10.43037935657854 -2.621013870030052 0 0 0
-124.0799999999997 43.21999999999986 -10.43037935657854 2.621013870030052 0 0 0
-124.0799999999997 43.21999999999986 0.3662657965845437 1.457562375918452 0 0 0
-124.0799999999997 43.21999999999986 -0.3662657965845437 -1.457562375918452 0 0 0
-123.59999999999962 43.21999999999986 -5.068619917976087 -11.737840439347796 0 0 0
-123.59999999999962 43.21999999999986 5.068619917976087 11.737840439347796 0 0 0
-122.63999999999947 43.21999999999986 -6.677884715582593 -12.051300265576103 0 0 0
-122.63999999999947 43.21999999999986 6.677884715582593 12.051300265576103 0 0 0
-122.1599999999994 43.21999999999986 -2.0664430710515536 -7.1818633340882485 0 0 0
-122.1599999999994 43.21999999999986 2.0664430710515536 7.1818633340882485 0 0 0
-121.67999999999932 43.21999999999986 2.0373991323509166 1.1573818526655102 0 0 0
-121.67999999999932 43.21999999999986 -2.0373991323509166 -1.1573818526655102 0 0 0
-121.19999999999925 43.21999999999986 1.438648595823589 0.9835251690076954 0 0 0
-121.19999999999925 43.21999999999986 -1.438648595823589 -0.9835251690076954 0 0 0
-120.71999999999917 43.21999999999986 -0.3513326509165447 -2.09413257502364 0 0 0
-120.71999999999917 43.21999999999986 0.3513326509165447 2.09413257502364 0 0 0
-120.2399999999991 43.21999999999986 -0.35133265091654126 -2.094132575023639 0 0 0
-120.2399999999991 43.21999999999986 0.35133265091654126 2.094132575023639 0 0 0
-119.75999999999902 43.21999999999986 1.104231605751021 0.793707010232405 0 0 0
-119.75999999999902 43.21999999999986 -1.104231605751021 -0.793707010232405 0 0 0
-124.55999999999977 43.69999999999985 41.81480906081799 4.92825663549453 0 0 0
-124.55999999999977 43.69999999999985 -41.81480906081799 -4.92825663549453 0 0 0
-124.0799999999997 43.69999999999985 24.33791615928646 9.577342747538172 0 0 0
-124.0799999999997 43.69999999999985 -24.33791615928646 -9.577342747538172 0 0 0
-123.59999999999962 43.69999999999985 -1.391711513009755 -4.642197492235322 0 0 0
-123.59999999999962 43.69999999999985 1.391711513009755 4.642197492235322 0 0 0
-123.11999999999955 43.69999999999985 21.1051963835996 -29.719318462528555 0 0 0
-123.11999999999955 43.69999999999985 -21.1051963835996 29.719318462528555 0 0 0
-122.63999999999947 43.69999999999985 -0.12481242777343238 -5.720450521307907 0 0 0
-122.63999999999947 43.69999999999985 0.12481242777343238 5.720450521307907 0 0 0
-121.67999999999932 43.69999999999985 2.0373991323509126 1.157381852665509 0 0 0
-121.67999999999932 43.69999999999985 -2.0373991323509126 -1.157381852665509 0 0 0
-121.19999999999925 43.69999999999985 -0.15892126054003203 -0.9391610173976747 0 0 0
-121.19999999999925 43.69999999999985 0.15892126054003203 0.9391610173976747 0 0 0
-120.71999999999917 43.69999999999985 1.601873864572648 1.0245325010406126 0 0 0
-120.71999999999917 43.69999999999985 -1.601873864572648 -1.0245325010406126 0 0 0
-120.2399999999991 43.69999999999985 0.3564063542208198 -0.6964612061771858 0 0 0
-120.2399999999991 43.69999999999985 -0.3564063542208198 0.6964612061771858 0 0 0
-119.75999999999902 43.69999999999985 1.1042316057510198 0.7937070102324055 0 0 0
-119.75999999999902 43.69999999999985 -1.1042316057510198 -0.7937070102324055 0 0 0
-124.55999999999977 44.179999999999836 41.814809060817986 4.928256635494528 0 0 0
-124.55999999999977 44.179999999999836 -41.814809060817986 -4.928256635494528 0 0 0
-124.0799999999997 44.179999999999836 24.337916159286465 9.577342747538179 0 0 0
-124.0799999999997 44.179999999999836 -24.337916159286465 -9.577342747538179 0 0 0
-123.59999999999962 44.179999999999836 -1.3917115130097795 -4.6421974922353515 0 0 0
-123.59999999999962 44.179999999999836 1.3917115130097795 4.6421974922353515 0 0 0
-123.11999999999955 44.179999999999836 13.123994158672907 -10.193433983598062 0 0 0
-123.11999999999955 44.179999999999836 -13.123994158672907 10.193433983598062 0 0 0
-123.11999999999955 44.179999999999836 5.484767505174001 7.061610132111187 0 0 0
-123.11999999999955 44.179999999999836 -5.484767505174001 -7.061610132111187 0 0 0
-122.1599999999994 44.179999999999836 15.030578909368357 -0.6338102886296441 0 0 0
-122.1599999999994 44.179999999999836 -15.030578909368357 0.6338102886296441 0 0 0
-121.67999999999932 44.179999999999836 0.9483479345116965 -11.400291047616653 0 0 0
-121.67999999999932 44.179999999999836 -0.9483479345116965 11.400291047616653 0 0 0
-121.19999999999925 44.179999999999836 -0.15892126054003186 -0.9391610173976742 0 0 0
-121.19999999999925 44.179999999999836 0.15892126054003186 0.9391610173976742 0 0 0
-119.75999999999902 44.179999999999836 1.1042316057510198 0.7937070102324052 0 0 0
-119.75999999999902 44.179999999999836 -1.1042316057510198 -0.7937070102324052 0 0 0
-124.55999999999977 44.659999999999826 41.814809060818 4.928256635494534 0 0 0
-124.55999999999977 44.659999999999826 -41.814809060818 -4.928256635494534 0 0 0
-124.0799999999997 44.659999999999826 16.214953518804887 3.005267104218537 0 0 0
-124.0799999999997 44.659999999999826 -16.214953518804887 -3.005267104218537 0 0 0
-123.59999999999962 44.659999999999826 -2.901786676704124 -4.903702005322995 0 0 0
-123.59999999999962 44.659999999999826 2.901786676704124 4.903702005322995 0 0 0
-123.11999999999955 44.659999999999826 12.138973374704928 -13.05572262005015 0 0 0
-123.11999999999955 44.659999999999826 -12.138973374704928 13.05572262005015 0 0 0
-122.1599999999994 44.659999999999826 13.761045189119685 8.424732173877874 0 0 0
-122.1599999999994 44.659999999999826 -13.761045189119685 -8.424732173877874 0 0 0
-121.67999999999932 44.659999999999826 -0.7446230637244798 -1.063024807062616 0 0 0
-121.67999999999932 44.659999999999826 0.7446230637244798 1.063024807062616 0 0 0
-121.19999999999925 44.659999999999826 11.414223137858643 1.0679676790387926 0 0 0
-121.19999999999925 44.659999999999826 -11.414223137858643 -1.0679676790387926 0 0 0
-120.2399999999991 44.659999999999826 -0.019980444694741067 -1.3165668834496198 0 0 0
-120.2399999999991 44.659999999999826 0.019980444694741067 1.3165668834496198 0 0 0
-119.75999999999902 44.659999999999826 -0.3334969746237693 -0.7470356386015419 0 0 0
-119.75999999999902 44.659999999999826 0.3334969746237693 0.7470356386015419 0 0 0
-124.55999999999977 45.139999999999816 41.81480906081798 4.928256635494527 0 0 0
-124.55999999999977 45.139999999999816 -41.81480906081798 -4.928256635494527 0 0 0
-124.0799999999997 45.139999999999816 17.41929739493621 -7.9669188834458895 0 0 0
-124.0799999999997 45.139999999999816 -17.41929739493621 7.9669188834458895 0 0 0
-123.11999999999955 45.139999999999816 26.978320716449844 -24.396100958997412 0 0 0
-123.11999999999955 45.139999999999816 -26.978320716449844 24.396100958997412 0 0 0
-122.63999999999947 45.139999999999816 -0.055828581472887294 -0.21049644061799122 0 0 0
-122.63999999999947 45.139999999999816 0.055828581472887294 0.21049644061799122 0 0 0
-122.1599999999994 45.139999999999816 0.09997228651579049 -1.032451856434245 0 0 0
-122.1599999999994 45.139999999999816 -0.09997228651579049 1.032451856434245 0 0 0
-121.67999999999932 45.139999999999816 -0.7446230637244712 -1.0630248070626023 0 0 0
-121.67999999999932 45.139999999999816 0.7446230637244712 1.0630248070626023 0 0 0
-121.19999999999925 45.139999999999816 3.106573482097765 0.49009236853989857 0 0 0
-121.19999999999925 45.139999999999816 -3.106573482097765 -0.49009236853989857 0 0 0
-120.71999999999917 45.139999999999816 -0.3135820284498139 -1.982017197473906 0 0 0
-120.71999999999917 45.139999999999816 0.3135820284498139 1.982017197473906 0 0 0
-120.2399999999991 45.139999999999816 -0.32819820125797466 -0.1051088016449223 0 0 0
-120.2399999999991 45.139999999999816 0.32819820125797466 0.1051088016449223 0 0 0
-120.2399999999991 45.139999999999816 0.2733596340651295 -0.8535549715407471 0 0 0
-120.2399999999991 45.139999999999816 -0.2733596340651295 0.8535549715407471 0 0 0
-119.75999999999902 45.139999999999816 -0.24282570688145189 -0.8775595466185736 0 0 0
-119.75999999999902 45.139999999999816 0.24282570688145189 0.8775595466185736 0 0 0
-124.55999999999977 45.619999999999806 50.96838946380063 24.21280182386102 0 0 0
-124.55999999999977 45.619999999999806 -50.96838946380063 -24.21280182386102 0 0 0
-124.0799999999997 45.619999999999806 17.41929739493625 -7.966918883445855 0 0 0
-124.0799999999997 45.619999999999806 -17.41929739493625 7.966918883445855 0 0 0
-123.59999999999962 45.619999999999806 2.6429231410643994 -9.899972103032217 0 0 0
-123.59999999999962 45.619999999999806 -2.6429231410643994 9.899972103032217 0 0 0
-123.11999999999955 45.619999999999806 36.980193800272396 -16.13206829250668 0 0 0
-123.11999999999955 45.619999999999806 -36.980193800272396 16.13206829250668 0 0 0
-122.63999999999947 45.619999999999806 -0.4226836978757988 -8.21683006360394 0 0 0
-122.63999999999947 45.619999999999806 0.4226836978757988 8.21683006360394 0 0 0
-122.1599999999994 45.619999999999806 0.021250747162889275 -25.613737849747544 0 0 0
-122.1599999999994 45.619999999999806 -0.021250747162889275 25.613737849747544 0 0 0
-121.67999999999932 45.619999999999806 3.106573482097761 0.49009236853990046 0 0 0
-121.67999999999932 45.619999999999806 -3.106573482097761 -0.49009236853990046 0 0 0
-121.19999999999925 45.619999999999806 3.106573482097762 0.49009236853990223 0 0 0
-121.19999999999925 45.619999999999806 -3.106573482097762 -0.49009236853990223 0 0 0
-120.71999999999917 45.619999999999806 -1.9556013918737685 -2.506203846531586 0 0 0
-120.71999999999917 45.619999999999806 1.9556013918737685 2.506203846531586 0 0 0
-120.2399999999991 45.619999999999806 0.49003196648299974 -0.007806779524935153 0 0 0
-120.2399999999991 45.619999999999806 -0.49003196648299974 0.007806779524935153 0 0 0
-124.55999999999977 46.099999999999795 58.671912960954714 22.0078319273634 0 0 0
-124.55999999999977 46.099999999999795 -58.671912960954714 -22.0078319273634 0 0 0
-124.0799999999997 46.099999999999795 -1.611838458011878 -14.798290752537689 0 0 0
-124.0799999999997 46.099999999999795 1.611838458011878 14.798290752537689 0 0 0
-123.59999999999962 46.099999999999795 -2.9264368345403615 -6.68609684186099 0 0 0
-123.59999999999962 46.099999999999795 2.9264368345403615 6.68609684186099 0 0 0
-123.11999999999955 46.099999999999795 -0.2457467756572243 0.2182958274172946 0 0 0
-123.11999999999955 46.099999999999795 0.2457467756572243 -0.2182958274172946 0 0 0
-123.11999999999955 46.099999999999795 -14.852098198482238 -16.71976641607726 0 0 0
-123.11999999999955 46.099999999999795 14.852098198482238 16.71976641607726 0 0 0
-122.63999999999947 46.099999999999795 8.856881744816233 -0.6549185506072783 0 0 0
-122.63999999999947 46.099999999999795 -8.856881744816233 0.6549185506072783 0 0 0
-121.67999999999932 46.099999999999795 -2.7597935948903376 -1.3049874215687964 0 0 0
-121.67999999999932 46.099999999999795 2.7597935948903376 1.3049874215687964 0 0 0
-121.67999999999932 46.099999999999795 1.7878705557301875 -3.7809971396242155 0 0 0
-121.67999999999932 46.099999999999795 -1.7878705557301875 3.7809971396242155 0 0 0
-121.19999999999925 46.099999999999795 -2.759793594890306 -1.3049874215688255 0 0 0
-121.19999999999925 46.099999999999795 2.759793594890306 1.3049874215688255 0 0 0
-121.19999999999925 46.099999999999795 1.7878705557302406 -3.7809971396242004 0 0 0
-121.19999999999925 46.099999999999795 -1.7878705557302406 3.7809971396242004 0 0 0
-120.71999999999917 46.099999999999795 -0.6119672282134738 -3.2384063894187247 0 0 0
-120.71999999999917 46.099999999999795 0.6119672282134738 3.2384063894187247 0 0 0
-120.2399999999991 46.099999999999795 -0.6119672282134693 -3.2384063894187274 0 0 0
-120.2399999999991 46.099999999999795 0.6119672282134693 3.2384063894187274 0 0 0
-124.55999999999977 46.579999999999785 67.0946393953679 19.408507967410472 0 0 0
-124.55999999999977 46.579999999999785 -67.0946393953679 -19.408507967410472 0 0 0
-124.0799999999997 46.579999999999785 60.38066367518358 -4.085767997418398 0 0 0
-124.0799999999997 46.579999999999785 -60.38066367518358 4.085767997418398 0 0 0
-124.0799999999997 46.579999999999785 0.19486128294200283 2.8797165174503645 0 0 0
-124.0799999999997 46.579999999999785 -0.19486128294200283 -2.8797165174503645 0 0 0
-123.59999999999962 46.579999999999785 -7.72955952310969 -10.125245630436186 0 0 0
-123.59999999999962 46.579999999999785 7.72955952310969 10.125245630436186 0 0 0
-123.11999999999955 46.579999999999785 14.163169991523665 6.129869602122914 0 0 0
-123.11999999999955 46.579999999999785 -14.163169991523665 -6.129869602122914 0 0 0
-123.11999999999955 46.579999999999785 -2.7510049293923178 6.356244584551878 0 0 0
-123.11999999999955 46.579999999999785 2.7510049293923178 -6.356244584551878 0 0 0
-122.63999999999947 46.579999999999785 27.37131991824066 -11.14291482379521 0 0 0
-122.63999999999947 46.579999999999785 -27.37131991824066 11.14291482379521 0 0 0
-121.67999999999932 46.579999999999785 -2.759793594890324 -1.3049874215688082 0 0 0
-121.67999999999932 46.579999999999785 2.759793594890324 1.3049874215688082 0 0 0
-121.67999999999932 46.579999999999785 1.7878705557302126 -3.780997139624216 0 0 0
-121.67999999999932 46.579999999999785 -1.7878705557302126 3.780997139624216 0 0 0
-121.19999999999925 46.579999999999785 1.647148062625587 -7.54635991883071 0 0 0
-121.19999999999925 46.579999999999785 -1.647148062625587 7.54635991883071 0 0 0
-120.71999999999917 46.579999999999785 97.36431156556398 -16.058270673981916 0 0 0
-120.71999999999917 46.579999999999785 -97.36431156556398 16.058270673981916 0 0 0
-120.71999999999917 46.579999999999785 0.45771898407365386 2.7752361807568096 0 0 0
-120.71999999999917 46.579999999999785 -0.45771898407365386 -2.7752361807568096 0 0 0
-120.2399999999991 46.579999999999785 0.0477104707757242 -0.05423920658493149 0 0 0
-120.2399999999991 46.579999999999785 -0.0477104707757242 0.05423920658493149 0 0 0
-119.75999999999902 46.579999999999785 0.11385517610046071 -0.23209826980451645 0 0 0
-119.75999999999902 46.579999999999785 -0.11385517610046071 0.23209826980451645 0 0 0
