-123.59999999999962 39.37999999999994 3.5915121801404144 0.23716693529976862 0 0 0
-123.59999999999962 39.37999999999994 -3.5915121801404144 -0.23716693529976862 0 0 0
-122.63999999999947 39.37999999999994 7.383954147286205 -55.93746197561024 0 0 0
-122.63999999999947 39.37999999999994 -7.383954147286205 55.93746197561024 0 0 0
-122.1599999999994 39.37999999999994 0.050920484361741264 -0.001258766393395038 0 0 0
-122.1599999999994 39.37999999999994 -0.050920484361741264 0.001258766393395038 0 0 0
-124.0799999999997 39.85999999999993 19.10913605574499 -5.66770216504114 0 0 0
-124.0799999999997 39.85999999999993 -19.10913605574499 5.66770216504114 0 0 0
-123.11999999999955 39.85999999999993 29.082397627012366 -19.631149461438326 0 0 0
-123.11999999999955 39.85999999999993 -29.082397627012366 19.631149461438326 0 0 0
-122.63999999999947 39.85999999999993 38.553464634896216 5.159134546801614 0 0 0
-122.63999999999947 39.85999999999993 -38.553464634896216 -5.159134546801614 0 0 0
-122.1599999999994 39.85999999999993 13.347320134006955 -6.825618453821089 0 0 0
-122.1599999999994 39.85999999999993 -13.347320134006955 6.825618453821089 0 0 0
-121.67999999999932 39.85999999999993 2.221153272414585 -0.7327527270247962 0 0 0
-121.67999999999932 39.85999999999993 -2.221153272414585 0.7327527270247962 0 0 0
-121.19999999999925 39.85999999999993 1.636962360823219 -0.13900589835042768 0 0 0
-121.19999999999925 39.85999999999993 -1.636962360823219 0.13900589835042768 0 0 0
-120.2399999999991 39.85999999999993 18.12330991527951 -45.86718002370978 0 0 0
-120.2399999999991 39.85999999999993 -18.12330991527951 45.86718002370978 0 0 0
-124.0799999999997 40.33999999999992 -1.061495443634231 -0.35850589702629143 0 0 0
-124.0799999999997 40.33999999999992 1.061495443634231 0.35850589702629143 0 0 0
-124.0799999999997 40.33999999999992 8.44992779093875 -25.01928119877468 0 0 0
-124.0799999999997 40.33999999999992 -8.44992779093875 25.01928119877468 0 0 0
-123.59999999999962 40.33999999999992 6.083576754411422 -5.26951233375343 0 0 0
-123.59999999999962 40.33999999999992 -6.083576754411422 5.26951233375343 0 0 0
-123.11999999999955 40.33999999999992 -15.124833901320939 6.037046487101439 0 0 0
-123.11999999999955 40.33999999999992 15.124833901320939 -6.037046487101439 0 0 0
-123.11999999999955 40.33999999999992 -19.401274304088346 -48.60672382600647 0 0 0
-123.11999999999955 40.33999999999992 19.401274304088346 48.60672382600647 0 0 0
-122.63999999999947 40.33999999999992 25.06382295649491 13.620421499644483 0 0 0
-122.63999999999947 40.33999999999992 -25.06382295649491 -13.620421499644483 0 0 0
-122.1599999999994 40.33999999999992 101.88923773427383 37.57084670408252 0 0 0
-122.1599999999994 40.33999999999992 -101.88923773427383 -37.57084670408252 0 0 0
-122.1599999999994 40.33999999999992 -0.6561505868418946 1.7794297706086175 0 0 0
-122.1599999999994 40.33999999999992 0.6561505868418946 -1.7794297706086175 0 0 0
-121.67999999999932 40.33999999999992 -6.229569564642604 -17.117122121060035 0 0 0
-121.67999999999932 40.33999999999992 6.229569564642604 17.117122121060035 0 0 0
-121.19999999999925 40.33999999999992 -0.1621340572140308 0.08793302860237893 0 0 0
-121.19999999999925 40.33999999999992 0.1621340572140308 -0.08793302860237893 0 0 0
-121.19999999999925 40.33999999999992 -9.78739338639043 -18.04634532106087 0 0 0
-121.19999999999925 40.33999999999992 9.78739338639043 18.04634532106087 0 0 0
-120.71999999999917 40.33999999999992 0.09585816404724973 -0.5303537854220246 0 0 0
-120.71999999999917 40.33999999999992 -0.09585816404724973 0.5303537854220246 0 0 0
-119.75999999999902 40.33999999999992 1.667311667563685 -8.501174016479888 0 0 0
-119.75999999999902 40.33999999999992 -1.667311667563685 8.501174016479888 0 0 0
-124.0799999999997 40.81999999999991 -8.807659435237097 -30.12433378454709 0 0 0
-124.0799999999997 40.81999999999991 8.807659435237097 30.12433378454709 0 0 0
-123.59999999999962 40.81999999999991 0.039669543768511985 -0.09527870688282271 0 0 0
-123.59999999999962 40.81999999999991 -0.039669543768511985 0.09527870688282271 0 0 0
-123.11999999999955 40.81999999999991 110.23107239895498 49.59960279145174 0 0 0
-123.11999999999955 40.81999999999991 -110.23107239895498 -49.59960279145174 0 0 0
-123.11999999999955 40.81999999999991 -11.332408751362491 25.18535430169374 0 0 0
-123.11999999999955 40.81999999999991 11.332408751362491 -25.18535430169374 0 0 0
-122.63999999999947 40.81999999999991 15.158087863565676 -98.83968471756918 0 0 0
-122.63999999999947 40.81999999999991 -15.158087863565676 98.83968471756918 0 0 0
-122.1599999999994 40.81999999999991 95.98950528968905 37.65269188664649 0 0 0
-122.1599999999994 40.81999999999991 -95.98950528968905 -37.65269188664649 0 0 0
-122.1599999999994 40.81999999999991 -6.524468703274847 16.633087615377686 0 0 0
-122.1599999999994 40.81999999999991 6.524468703274847 -16.633087615377686 0 0 0
-121.67999999999932 40.81999999999991 -35.74647773177235 -41.4182527898321 0 0 0
-121.67999999999932 40.81999999999991 35.74647773177235 41.4182527898321 0 0 0
-121.19999999999925 40.81999999999991 4.623606711661383 -0.5788026605465022 0 0 0
-121.19999999999925 40.81999999999991 -4.623606711661383 0.5788026605465022 0 0 0
-120.2399999999991 40.81999999999991 -0.7672550922566782 -2.6602214744859545 0 0 0
-120.2399999999991 40.81999999999991 0.7672550922566782 2.6602214744859545 0 0 0
-119.75999999999902 40.81999999999991 -0.09298048381830198 0.056250771021549385 0 0 0
-119.75999999999902 40.81999999999991 0.09298048381830198 -0.056250771021549385 0 0 0
-119.75999999999902 40.81999999999991 -1.418512410740294 -2.3447495537860368 0 0 0
-119.75999999999902 40.81999999999991 1.418512410740294 2.3447495537860368 0 0 0
-124.0799999999997 41.2999999999999 0.018326943566316374 -0.05496394193660922 0 0 0
-124.0799999999997 41.2999999999999 -0.018326943566316374 0.05496394193660922 0 0 0
-123.59999999999962 41.2999999999999 6.219798797278188 5.827400774892321 0 0 0
-123.59999999999962 41.2999999999999 -6.219798797278188 -5.827400774892321 0 0 0
-123.11999999999955 41.2999999999999 -4.013854182275372 -5.9186637595279405 0 0 0
-123.11999999999955 41.2999999999999 4.013854182275372 5.9186637595279405 0 0 0
-122.63999999999947 41.2999999999999 -10.783641164812908 -23.293302356657772 0 0 0
-122.63999999999947 41.2999999999999 10.783641164812908 23.293302356657772 0 0 0
-122.1599999999994 41.2999999999999 27.035881594256068 8.271664527610968 0 0 0
-122.1599999999994 41.2999999999999 -27.035881594256068 -8.271664527610968 0 0 0
-121.67999999999932 41.2999999999999 25.879416965528314 -9.354961025437946 0 0 0
-121.67999999999932 41.2999999999999 -25.879416965528314 9.354961025437946 0 0 0
-121.19999999999925 41.2999999999999 2.568220495752413 -0.7626474402332769 0 0 0
-121.19999999999925 41.2999999999999 -2.568220495752413 0.7626474402332769 0 0 0
-120.71999999999917 41.2999999999999 -2.4927907993985357 -7.824081620827419 0 0 0
-120.71999999999917 41.2999999999999 2.4927907993985357 7.824081620827419 0 0 0
-120.2399999999991 41.2999999999999 -0.0994908889087863 -0.7523141698344409 0 0 0
-120.2399999999991 41.2999999999999 0.0994908889087863 0.7523141698344409 0 0 0
-119.75999999999902 41.2999999999999 -0.21341548602263882 -0.09390644072263014 0 0 0
-119.75999999999902 41.2999999999999 0.21341548602263882 0.09390644072263014 0 0 0
-119.75999999999902 41.2999999999999 0.14020080752793737 -0.31862589242114303 0 0 0
-119.75999999999902 41.2999999999999 -0.14020080752793737 0.31862589242114303 0 0 0
-124.0799999999997 41.77999999999989 0.8786147344235729 -3.530789070826619 0 0 0
-124.0799999999997 41.77999999999989 -0.8786147344235729 3.530789070826619 0 0 0
-123.59999999999962 41.77999999999989 20.645737479103108 -1.455628423183885 0 0 0
-123.59999999999962 41.77999999999989 -20.645737479103108 1.455628423183885 0 0 0
-123.59999999999962 41.77999999999989 0.11305874782193595 1.6035556808806144 0 0 0
-123.59999999999962 41.77999999999989 -0.11305874782193595 -1.6035556808806144 0 0 0
-123.11999999999955 41.77999999999989 15.193916325476913 2.4903604758273956 0 0 0
-123.11999999999955 41.77999999999989 -15.193916325476913 -2.4903604758273956 0 0 0
-122.63999999999947 41.77999999999989 18.004707081715654 6.479568240574045 0 0 0
-122.63999999999947 41.77999999999989 -18.004707081715654 -6.479568240574045 0 0 0
-122.1599999999994 41.77999999999989 14.848443383621284 -19.315997322817015 0 0 0
-122.1599999999994 41.77999999999989 -14.848443383621284 19.315997322817015 0 0 0
-121.67999999999932 41.77999999999989 -0.6687769457856086 -3.759793367419566 0 0 0
-121.67999999999932 41.77999999999989 0.6687769457856086 3.759793367419566 0 0 0
-121.19999999999925 41.77999999999989 1.7843766623164623 1.5638208877365312 0 0 0
-121.19999999999925 41.77999999999989 -1.7843766623164623 -1.5638208877365312 0 0 0
-121.19999999999925 41.77999999999989 -1.037891743359911 1.184272329002419 0 0 0
-121.19999999999925 41.77999999999989 1.037891743359911 -1.184272329002419 0 0 0
-120.71999999999917 41.77999999999989 3.221075009514032 -1.438849332113317 0 0 0
-120.71999999999917 41.77999999999989 -3.221075009514032 1.438849332113317 0 0 0
-120.2399999999991 41.77999999999989 -0.006293349409233693 -0.2974380752288243 0 0 0
-120.2399999999991 41.77999999999989 0.006293349409233693 0.2974380752288243 0 0 0
-119.75999999999902 41.77999999999989 0.40128665314132356 -0.17420802916729997 0 0 0
-119.75999999999902 41.77999999999989 -0.40128665314132356 0.17420802916729997 0 0 0
-119.75999999999902 41.77999999999989 0.03154081069144742 0.07265397823644514 0 0 0
-119.75999999999902 41.77999999999989 -0.03154081069144742 -0.07265397823644514 0 0 0
-124.0799999999997 42.25999999999988 7.660887339706943 -8.320584799112806 0 0 0
-124.0799999999997 42.25999999999988 -7.660887339706943 8.320584799112806 0 0 0
-123.59999999999962 42.25999999999988 17.422111403925452 -4.817464921433073 0 0 0
-123.59999999999962 42.25999999999988 -17.422111403925452 4.817464921433073 0 0 0
-122.63999999999947 42.25999999999988 -31.72596936766747 -43.47108947258897 0 0 0
-122.63999999999947 42.25999999999988 31.72596936766747 43.47108947258897 0 0 0
-122.1599999999994 42.25999999999988 33.199861080429244 19.855260949539183 0 0 0
-122.1599999999994 42.25999999999988 -33.199861080429244 -19.855260949539183 0 0 0
-122.1599999999994 42.25999999999988 -3.976984715652322 6.649891956303494 0 0 0
-122.1599999999994 42.25999999999988 3.976984715652322 -6.649891956303494 0 0 0
-121.67999999999932 42.25999999999988 -0.634478263098367 -4.969757634429056 0 0 0
-121.67999999999932 42.25999999999988 0.634478263098367 4.969757634429056 0 0 0
-121.19999999999925 42.25999999999988 1.841546995951242 1.3439509407559846 0 0 0
-121.19999999999925 42.25999999999988 -1.841546995951242 -1.3439509407559846 0 0 0
-121.19999999999925 42.25999999999988 -1.020100846378819 1.39779183320451 0 0 0
-121.19999999999925 42.25999999999988 1.020100846378819 -1.39779183320451 0 0 0
-120.71999999999917 42.25999999999988 3.221075009514031 -1.4388493321133144 0 0 0
-120.71999999999917 42.25999999999988 -3.221075009514031 1.4388493321133144 0 0 0
-120.2399999999991 42.25999999999988 -0.010715526879480993 -0.1103898566810844 0 0 0
-120.2399999999991 42.25999999999988 0.010715526879480993 0.1103898566810844 0 0 0
-119.75999999999902 42.25999999999988 -0.010863390371627691 -0.11033075898372698 0 0 0
-119.75999999999902 42.25999999999988 0.010863390371627691 0.11033075898372698 0 0 0
-124.55999999999977 42.73999999999987 20.486585436355078 -20.702730671467236 0 0 0
-124.55999999999977 42.73999999999987 -20.486585436355078 20.702730671467236 0 0 0
-124.0799999999997 42.73999999999987 6.321438926406269 -7.110930431707569 0 0 0
-124.0799999999997 42.73999999999987 -6.321438926406269 7.110930431707569 0 0 0
-123.59999999999962 42.73999999999987 14.73978006351975 -26.135262040835027 0 0 0
-123.59999999999962 42.73999999999987 -14.73978006351975 26.135262040835027 0 0 0
-123.11999999999955 42.73999999999987 -17.03923982860756 7.705006651950834 0 0 0
-123.11999999999955 42.73999999999987 17.03923982860756 -7.705006651950834 0 0 0
-123.11999999999955 42.73999999999987 -9.922316367968653 -21.942710225477818 0 0 0
-123.11999999999955 42.73999999999987 9.922316367968653 21.942710225477818 0 0 0
-122.63999999999947 42.73999999999987 16.27045913471087 -2.9763038643846134 0 0 0
-122.63999999999947 42.73999999999987 -16.27045913471087 2.9763038643846134 0 0 0
-122.63999999999947 42.73999999999987 0.3327216104948228 1.8188779148430514 0 0 0
-122.63999999999947 42.73999999999987 -0.3327216104948228 -1.8188779148430514 0 0 0
-121.19999999999925 42.73999999999987 1.9615565843896834 1.136047549385328 0 0 0
-121.19999999999925 42.73999999999987 -1.9615565843896834 -1.136047549385328 0 0 0
-120.71999999999917 42.73999999999987 2.913150755518386 0.9327888856998965 0 0 0
-120.71999999999917 42.73999999999987 -2.913150755518386 -0.9327888856998965 0 0 0
-120.2399999999991 42.73999999999987 1.301882570977907 0.970884466456357 0 0 0
-120.2399999999991 42.73999999999987 -1.301882570977907 -0.970884466456357 0 0 0
-119.75999999999902 42.73999999999987 -0.67273979252845 -1.2822371587095578 0 0 0
-119.75999999999902 42.73999999999987 0.67273979252845 1.2822371587095578 0 0 0
-124.55999999999977 43.21999999999986 0.1336249544889974 -1.1337684643846158 0 0 0
-124.55999999999977 43.21999999999986 -0.1336249544889974 1.1337684643846158 0 0 0
-123.59999999999962 43.21999999999986 6.440360461744069 -2.7810685861696274 0 0 0
-123.59999999999962 43.21999999999986 -6.440360461744069 2.7810685861696274 0 0 0
-123.11999999999955 43.21999999999986 26.947890123837393 1.1735918439457678 0 0 0
-123.11999999999955 43.21999999999986 -26.947890123837393 -1.1735918439457678 0 0 0
-123.11999999999955 43.21999999999986 -0.048067213565072715 1.103714205575599 0 0 0
-123.11999999999955 43.21999999999986 0.048067213565072715 -1.103714205575599 0 0 0
-122.63999999999947 43.21999999999986 12.159149585100312 -6.737646343503683 0 0 0
-122.63999999999947 43.21999999999986 -12.159149585100312 6.737646343503683 0 0 0
-122.1599999999994 43.21999999999986 8.293572743474291 -2.3863160760340754 0 0 0
-122.1599999999994 43.21999999999986 -8.293572743474291 2.3863160760340754 0 0 0
-121.67999999999932 43.21999999999986 2.8520761488393482 -5.020657147562335 0 0 0
-121.67999999999932 43.21999999999986 -2.8520761488393482 5.020657147562335 0 0 0
-121.19999999999925 43.21999999999986 3.6014336328925953 -5.26798662828347 0 0 0
-121.19999999999925 43.21999999999986 -3.6014336328925953 5.26798662828347 0 0 0
-120.71999999999917 43.21999999999986 0.47157021008085603 -0.07911534063172135 0 0 0
-120.71999999999917 43.21999999999986 -0.47157021008085603 0.07911534063172135 0 0 0
-120.2399999999991 43.21999999999986 0.47157021008085837 -0.079115340631721 0 0 0
-120.2399999999991 43.21999999999986 -0.47157021008085837 0.079115340631721 0 0 0
-119.75999999999902 43.21999999999986 0.39817925495015316 -0.5539602301630292 0 0 0
-119.75999999999902 43.21999999999986 -0.39817925495015316 0.5539602301630292 0 0 0
-124.55999999999977 43.69999999999985 0.13362495448899767 -1.1337684643846169 0 0 0
-124.55999999999977 43.69999999999985 -0.13362495448899767 1.1337684643846169 0 0 0
-124.0799999999997 43.69999999999985 1.6864829862990516 -4.285685769694314 0 0 0
-124.0799999999997 43.69999999999985 -1.6864829862990516 4.285685769694314 0 0 0
-123.59999999999962 43.69999999999985 11.918150177641591 -3.5730118858032958 0 0 0
-123.59999999999962 43.69999999999985 -11.918150177641591 3.5730118858032958 0 0 0
-123.11999999999955 43.69999999999985 15.0101623439948 10.659478090628088 0 0 0
-123.11999999999955 43.69999999999985 -15.0101623439948 -10.659478090628088 0 0 0
-122.63999999999947 43.69999999999985 10.666141073551305 -0.2327206497818787 0 0 0
-122.63999999999947 43.69999999999985 -10.666141073551305 0.2327206497818787 0 0 0
-122.1599999999994 43.69999999999985 22.912315954264724 13.803946136981 0 0 0
-122.1599999999994 43.69999999999985 -22.912315954264724 -13.803946136981 0 0 0
-122.1599999999994 43.69999999999985 -0.8215321386685169 1.3636103575721878 0 0 0
-122.1599999999994 43.69999999999985 0.8215321386685169 -1.3636103575721878 0 0 0
-121.67999999999932 43.69999999999985 2.8520761488393553 -5.020657147562343 0 0 0
-121.67999999999932 43.69999999999985 -2.8520761488393553 5.020657147562343 0 0 0
-121.19999999999925 43.69999999999985 12.844792502407376 -2.1735470042336393 0 0 0
-121.19999999999925 43.69999999999985 -12.844792502407376 2.1735470042336393 0 0 0
-120.71999999999917 43.69999999999985 0.11570387209140595 -0.1809049576707697 0 0 0
-120.71999999999917 43.69999999999985 -0.11570387209140595 0.1809049576707697 0 0 0
-120.2399999999991 43.69999999999985 1.6662573785272268 0.8526888679616493 0 0 0
-120.2399999999991 43.69999999999985 -1.6662573785272268 -0.8526888679616493 0 0 0
-119.75999999999902 43.69999999999985 0.3981792549501548 -0.5539602301630305 0 0 0
-119.75999999999902 43.69999999999985 -0.3981792549501548 0.5539602301630305 0 0 0
-124.55999999999977 44.179999999999836 0.13362495448899758 -1.1337684643846164 0 0 0
-124.55999999999977 44.179999999999836 -0.13362495448899758 1.1337684643846164 0 0 0
-124.0799999999997 44.179999999999836 1.686482986299045 -4.285685769694293 0 0 0
-124.0799999999997 44.179999999999836 -1.686482986299045 4.285685769694293 0 0 0
-123.59999999999962 44.179999999999836 11.918150177641614 -3.5730118858033424 0 0 0
-123.59999999999962 44.179999999999836 -11.918150177641614 3.5730118858033424 0 0 0
-122.63999999999947 44.179999999999836 23.28224484151835 12.679649255032102 0 0 0
-122.63999999999947 44.179999999999836 -23.28224484151835 -12.679649255032102 0 0 0
-122.63999999999947 44.179999999999836 -0.45902582818825743 0.8428586237287592 0 0 0
-122.63999999999947 44.179999999999836 0.45902582818825743 -0.8428586237287592 0 0 0
-122.1599999999994 44.179999999999836 -0.22427386488551745 -5.318572582277143 0 0 0
-122.1599999999994 44.179999999999836 0.22427386488551745 5.318572582277143 0 0 0
-121.67999999999932 44.179999999999836 26.13849777404942 2.174364695754027 0 0 0
-121.67999999999932 44.179999999999836 -26.13849777404942 -2.174364695754027 0 0 0
-121.19999999999925 44.179999999999836 12.844792502407373 -2.173547004233638 0 0 0
-121.19999999999925 44.179999999999836 -12.844792502407373 2.173547004233638 0 0 0
-120.71999999999917 44.179999999999836 -0.05102996168819701 0.009364793202664992 0 0 0
-120.71999999999917 44.179999999999836 0.05102996168819701 -0.009364793202664992 0 0 0
-120.71999999999917 44.179999999999836 -0.4000175296401931 -2.1797469277097608 0 0 0
-120.71999999999917 44.179999999999836 0.4000175296401931 2.1797469277097608 0 0 0
-120.2399999999991 44.179999999999836 -0.13504302048260247 0.08965110505135489 0 0 0
-120.2399999999991 44.179999999999836 0.13504302048260247 -0.08965110505135489 0 0 0
-120.2399999999991 44.179999999999836 -1.6839576787212853 -2.5365747713776505 0 0 0
-120.2399999999991 44.179999999999836 1.6839576787212853 2.5365747713776505 0 0 0
-119.75999999999902 44.179999999999836 0.39817925495015416 -0.5539602301630299 0 0 0
-119.75999999999902 44.179999999999836 -0.39817925495015416 0.5539602301630299 0 0 0
-124.55999999999977 44.659999999999826 0.13362495448899786 -1.1337684643846178 0 0 0
-124.55999999999977 44.659999999999826 -0.13362495448899786 1.1337684643846178 0 0 0
-124.0799999999997 44.659999999999826 0.20674099559708237 -1.11547343972603 0 0 0
-124.0799999999997 44.659999999999826 -0.20674099559708237 1.11547343972603 0 0 0
-123.59999999999962 44.659999999999826 29.075009133455172 -17.205261257092584 0 0 0
-123.59999999999962 44.659999999999826 -29.075009133455172 17.205261257092584 0 0 0
-123.11999999999955 44.659999999999826 9.710284899926219 9.028446244712796 0 0 0
-123.11999999999955 44.659999999999826 -9.710284899926219 -9.028446244712796 0 0 0
-122.63999999999947 44.659999999999826 18.264845591769557 7.887332061601479 0 0 0
-122.63999999999947 44.659999999999826 -18.264845591769557 -7.887332061601479 0 0 0
-122.63999999999947 44.659999999999826 -1.5517422471954518 3.5933991775535414 0 0 0
-122.63999999999947 44.659999999999826 1.5517422471954518 -3.5933991775535414 0 0 0
-122.1599999999994 44.659999999999826 0.7430206064497128 -1.2136575894370774 0 0 0
-122.1599999999994 44.659999999999826 -0.7430206064497128 1.2136575894370774 0 0 0
-121.67999999999932 44.659999999999826 1.4011458729757056 -0.9814686597418466 0 0 0
-121.67999999999932 44.659999999999826 -1.4011458729757056 0.9814686597418466 0 0 0
-121.19999999999925 44.659999999999826 1.3504161972259512 -14.432975928624183 0 0 0
-121.19999999999925 44.659999999999826 -1.3504161972259512 14.432975928624183 0 0 0
-120.71999999999917 44.659999999999826 -0.12938195840586972 0.028485264187188414 0 0 0
-120.71999999999917 44.659999999999826 0.12938195840586972 -0.028485264187188414 0 0 0
-120.71999999999917 44.659999999999826 -0.4862089901970568 -2.208393467332788 0 0 0
-120.71999999999917 44.659999999999826 0.4862089901970568 2.208393467332788 0 0 0
-120.2399999999991 44.659999999999826 0.21157173220456507 -0.003210848873251066 0 0 0
-120.2399999999991 44.659999999999826 -0.21157173220456507 0.003210848873251066 0 0 0
-119.75999999999902 44.659999999999826 0.18464297520121714 -0.08242963311685099 0 0 0
-119.75999999999902 44.659999999999826 -0.18464297520121714 0.08242963311685099 0 0 0
-124.55999999999977 45.139999999999816 0.1336249544889961 -1.133768464384604 0 0 0
-124.55999999999977 45.139999999999816 -0.1336249544889961 1.133768464384604 0 0 0
-124.0799999999997 45.139999999999816 -4.004869566319681 -8.75646093857026 0 0 0
-124.0799999999997 45.139999999999816 4.004869566319681 8.75646093857026 0 0 0
-123.59999999999962 45.139999999999816 42.055837118324376 -35.66078375289542 0 0 0
-123.59999999999962 45.139999999999816 -42.055837118324376 35.66078375289542 0 0 0
-123.59999999999962 45.139999999999816 8.6552439418616 10.207390055153812 0 0 0
-123.59999999999962 45.139999999999816 -8.6552439418616 -10.207390055153812 0 0 0
-123.11999999999955 45.139999999999816 -10.661456646336843 -11.78992484056442 0 0 0
-123.11999999999955 45.139999999999816 10.661456646336843 11.78992484056442 0 0 0
-122.63999999999947 45.139999999999816 18.984622027965077 -5.035165984320356 0 0 0
-122.63999999999947 45.139999999999816 -18.984622027965077 5.035165984320356 0 0 0
-122.1599999999994 45.139999999999816 24.223564694116455 2.345567141888547 0 0 0
-122.1599999999994 45.139999999999816 -24.223564694116455 -2.345567141888547 0 0 0
-121.67999999999932 45.139999999999816 1.4011458729757047 -0.9814686597418473 0 0 0
-121.67999999999932 45.139999999999816 -1.4011458729757047 0.9814686597418473 0 0 0
-121.19999999999925 45.139999999999816 0.8761972975244913 -5.553996479652821 0 0 0
-121.19999999999925 45.139999999999816 -0.8761972975244913 5.553996479652821 0 0 0
-120.71999999999917 45.139999999999816 0.24877847767747063 -0.03936013257815593 0 0 0
-120.71999999999917 45.139999999999816 -0.24877847767747063 0.03936013257815593 0 0 0
-119.75999999999902 45.139999999999816 0.011309506047050777 -0.0031294045070069726 0 0 0
-119.75999999999902 45.139999999999816 -0.011309506047050777 0.0031294045070069726 0 0 0
-124.55999999999977 45.619999999999806 5.464284727240424 -11.502419015573325 0 0 0
-124.55999999999977 45.619999999999806 -5.464284727240424 11.502419015573325 0 0 0
-124.0799999999997 45.619999999999806 -4.004869566319615 -8.756460938570175 0 0 0
-124.0799999999997 45.619999999999806 4.004869566319615 8.756460938570175 0 0 0
-123.59999999999962 45.619999999999806 20.654252377795697 5.513914686076869 0 0 0
-123.59999999999962 45.619999999999806 -20.654252377795697 -5.513914686076869 0 0 0
-123.11999999999955 45.619999999999806 -2.303314011094933 -5.279980035339793 0 0 0
-123.11999999999955 45.619999999999806 2.303314011094933 5.279980035339793 0 0 0
-122.63999999999947 45.619999999999806 20.47686407160498 -1.0533547073127434 0 0 0
-122.63999999999947 45.619999999999806 -20.47686407160498 1.0533547073127434 0 0 0
-122.1599999999994 45.619999999999806 33.65700424255031 0.02792394033289358 0 0 0
-122.1599999999994 45.619999999999806 -33.65700424255031 -0.02792394033289358 0 0 0
-121.67999999999932 45.619999999999806 0.8761972975244932 -5.553996479652805 0 0 0
-121.67999999999932 45.619999999999806 -0.8761972975244932 5.553996479652805 0 0 0
-121.19999999999925 45.619999999999806 0.876197297524498 -5.5539964796528185 0 0 0
-121.19999999999925 45.619999999999806 -0.876197297524498 5.5539964796528185 0 0 0
-120.71999999999917 45.619999999999806 25.183262978491737 -19.650605915723105 0 0 0
-120.71999999999917 45.619999999999806 -25.183262978491737 19.650605915723105 0 0 0
-120.2399999999991 45.619999999999806 -0.0359446313844409 -2.2562464260152697 0 0 0
-120.2399999999991 45.619999999999806 0.0359446313844409 2.2562464260152697 0 0 0
-119.75999999999902 45.619999999999806 -0.567363187970807 -0.2372577958480126 0 0 0
-119.75999999999902 45.619999999999806 0.567363187970807 0.2372577958480126 0 0 0
-119.75999999999902 45.619999999999806 0.5270643071823731 -1.2603880286411284 0 0 0
-119.75999999999902 45.619999999999806 -0.5270643071823731 1.2603880286411284 0 0 0
-124.55999999999977 46.099999999999795 3.0965014337830232 -8.255136771582684 0 0 0
-124.55999999999977 46.099999999999795 -3.0965014337830232 8.255136771582684 0 0 0
-124.0799999999997 46.099999999999795 14.780727838503067 -1.6099254951738622 0 0 0
-124.0799999999997 46.099999999999795 -14.780727838503067 1.6099254951738622 0 0 0
-123.59999999999962 46.099999999999795 34.1334294979479 -14.939856202288915 0 0 0
-123.59999999999962 46.099999999999795 -34.1334294979479 14.939856202288915 0 0 0
-122.63999999999947 46.099999999999795 -6.284385633179934 -84.98775968444554 0 0 0
-122.63999999999947 46.099999999999795 6.284385633179934 84.98775968444554 0 0 0
-122.1599999999994 46.099999999999795 -5.020533103439954 4.507560683479587 0 0 0
-122.1599999999994 46.099999999999795 5.020533103439954 -4.507560683479587 0 0 0
-122.1599999999994 46.099999999999795 -125.37062621985778 -139.63813763898347 0 0 0
-122.1599999999994 46.099999999999795 125.37062621985778 139.63813763898347 0 0 0
-120.71999999999917 46.099999999999795 5.758178332579298 -1.0881328684569265 0 0 0
-120.71999999999917 46.099999999999795 -5.758178332579298 1.0881328684569265 0 0 0
-120.2399999999991 46.099999999999795 5.758178332579302 -1.088132868456918 0 0 0
-120.2399999999991 46.099999999999795 -5.758178332579302 1.088132868456918 0 0 0
-119.75999999999902 46.099999999999795 -0.5862354820672239 -0.2837007180824761 0 0 0
-119.75999999999902 46.099999999999795 0.5862354820672239 0.2837007180824761 0 0 0
-119.75999999999902 46.099999999999795 0.39441749557977723 -0.8150191942402425 0 0 0
-119.75999999999902 46.099999999999795 -0.39441749557977723 0.8150191942402425 0 0 0
-124.55999999999977 46.579999999999785 1.6240552674786126 -5.614311141927708 0 0 0
-124.55999999999977 46.579999999999785 -1.6240552674786126 5.614311141927708 0 0 0
-123.59999999999962 46.579999999999785 47.37633210047752 -36.166843978231256 0 0 0
-123.59999999999962 46.579999999999785 -47.37633210047752 36.166843978231256 0 0 0
-122.63999999999947 46.579999999999785 -10.392464051463005 -25.527921804083714 0 0 0
-122.63999999999947 46.579999999999785 10.392464051463005 25.527921804083714 0 0 0
-122.1599999999994 46.579999999999785 38.55984153409611 -20.906287279572574 0 0 0
-122.1599999999994 46.579999999999785 -38.55984153409611 20.906287279572574 0 0 0
-122.1599999999994 46.579999999999785 10.250146502171162 18.905510076443864 0 0 0
-122.1599999999994 46.579999999999785 -10.250146502171162 -18.905510076443864 0 0 0
-121.19999999999925 46.579999999999785 3.1662929628510157 0.6911084782016581 0 0 0
-121.19999999999925 46.579999999999785 -3.1662929628510157 -0.6911084782016581 0 0 0
-120.2399999999991 46.579999999999785 0.507386140565151 0.44631242150519196 0 0 0
-120.2399999999991 46.579999999999785 -0.507386140565151 -0.44631242150519196 0 0 0
-119.75999999999902 46.579999999999785 0.8360388004415479 0.4101165636920146 0 0 0
-119.75999999999902 46.579999999999785 -0.8360388004415479 -0.4101165636920146 0 0 0
