-117.843500 42.779500 0.457500 
-124.563300 42.836100 0.460300 
-123.978100 45.486500 2.149000 
-123.304600 44.585500 -0.975700 
-122.256500 46.840100 -1.431800 
-123.244200 43.118800 -0.265200 
-119.355500 40.416500 0.527700 
-120.814700 45.838800 0.900100 
-121.469900 40.815900 3.925800 
-122.896100 46.118200 0.000000 
-122.795400 47.547300 -4.050300 
-120.538500 47.000300 0.685500 
-121.830900 47.944400 -2.227400 
-121.221600 42.418300 0.589900 
-117.330000 41.428700 0.078700 
-119.935500 41.275900 -0.041500 
-117.064600 42.981700 0.032700 
-115.311700 43.300200 -0.917300 
-118.565800 47.002200 -0.172300 
-118.013800 45.231800 -0.290400 
-116.103000 44.898400 0.040600 
-115.842400 47.562200 0.503300 
-124.075400 40.876300 -1.003500 
-122.414900 40.997600 0.204800 
-124.014000 42.967400 6.307500 
-121.090700 43.112400 -0.344800 
-120.946200 44.922700 -0.204200 
-120.933100 46.844000 1.838600 
-119.476800 40.779800 -0.006400 
-119.010200 40.242200 0.714900 
-119.722500 39.908200 0.763800 
-119.624300 41.357700 0.010000 
-120.284400 39.937400 1.387400 
-120.806000 40.418600 -0.376800 
-120.077300 40.288900 0.812800 
-123.360100 41.807100 9.172100 
-123.188800 41.272400 12.539200 
-123.906100 40.024400 -0.751600 
-124.308100 40.247500 3.000300 
-124.107200 40.422500 2.465600 
-124.282800 40.504800 0.828600 
-124.133300 40.551300 0.968600 
-124.213100 40.637400 1.269300 
-124.237000 40.691100 0.989000 
-124.057300 40.219600 -4.989400 
-123.693300 40.119300 5.178900 
-123.853300 40.245500 3.457500 
-123.862800 40.435200 3.509000 
-123.880200 40.543700 0.735500 
-123.881500 40.668600 1.952800 
-123.967700 40.791100 3.656200 
-123.863300 40.880200 -2.649400 
-123.685600 42.099000 12.693700 
-123.749300 39.261300 0.116300 
-123.602500 39.352500 5.178700 
-123.204000 39.242000 1.177900 
-123.632300 42.275400 15.002000 
-123.105200 39.319700 1.412300 
-122.963100 39.398100 -3.865200 
-122.718600 39.260000 2.586000 
-123.698400 39.529200 0.953300 
-123.564500 39.554300 3.256900 
-123.581800 39.685700 -1.190300 
-123.716900 39.863600 2.844300 
-123.551800 39.905700 2.420300 
-123.371900 39.452400 2.527900 
-123.295100 39.707100 -2.125100 
-123.186800 39.492800 1.279500 
-123.394900 39.897200 -1.723600 
-123.182500 39.962100 0.643900 
-123.655700 40.256800 5.022600 
-123.882600 41.151700 3.838200 
-123.698900 40.575300 2.894900 
-123.573100 40.478900 3.938000 
-123.452000 40.082200 3.971100 
-123.135600 40.324100 -0.571100 
-123.324100 40.732900 12.012200 
-123.174500 40.546700 12.797900 
-122.975800 39.621400 -0.849400 
-122.735900 39.493600 -11.402700 
-122.873600 39.726200 -5.361900 
-122.430500 39.528100 -1.739500 
-122.868800 40.296200 -0.025000 
-122.923000 40.747600 4.916000 
-122.668200 40.034100 2.488100 
-122.606900 40.650700 0.067400 
-123.334200 40.887100 11.554700 
-122.028000 39.929100 7.380300 
-122.270800 40.271200 -21.397900 
-120.867500 39.794700 -2.112700 
-120.948500 41.183300 -0.625500 
-121.828000 40.905500 -3.385000 
-122.319400 40.731100 2.501000 
-114.862800 43.532800 0.095200 
-114.719200 43.874400 0.312600 
-124.225800 42.209100 1.352000 
-124.054000 42.860100 6.689800 
-124.409300 43.090300 1.766100 
-124.253500 43.395500 1.637800 
-123.979600 43.614300 8.812200 
-124.061600 44.585200 2.131700 
-123.383400 42.503500 13.717800 
-123.429500 43.140100 1.946600 
-122.656400 42.191000 4.529700 
-123.057900 43.363300 -3.171000 
-117.251700 45.428100 -0.019400 
-123.333300 43.622500 0.271600 
-123.590600 44.381900 1.520900 
-123.427000 44.689300 2.433200 
-123.102300 44.941200 -0.236100 
-122.887100 44.052100 0.664500 
-122.930900 44.535000 -0.777000 
-122.577000 44.496500 -0.229000 
-121.779700 42.259700 0.701800 
-119.951800 43.001800 -0.235000 
-121.769600 43.177100 1.267300 
-122.217200 44.342200 -2.273000 
-122.482800 44.841100 -0.366800 
-121.945800 44.434800 -3.301200 
-118.967800 44.402800 -0.200500 
-121.574500 44.296800 -0.532000 
-120.377600 42.468800 -0.109400 
-120.603400 43.812000 0.020700 
-118.928500 43.034000 -0.293400 
-118.412500 42.254600 -0.109700 
-119.001000 43.446800 -0.079900 
-117.892000 43.234500 -0.141800 
-117.799600 44.834900 0.035700 
-123.857500 45.022300 1.262500 
-123.822900 45.309500 1.840200 
-123.799200 46.421600 1.649100 
-123.916100 46.925800 1.232700 
-123.613000 47.433900 -1.445200 
-123.812500 47.513300 5.600500 
-124.557000 47.937200 0.176600 
-124.305900 47.766200 -2.193800 
-123.390300 45.158500 -0.045900 
-123.643800 45.629300 2.753700 
-123.152300 45.190400 -3.286100 
-123.931000 45.954600 0.030700 
-123.376600 46.200500 2.191100 
-123.239500 45.851300 3.708900 
-123.078600 46.111100 1.481500 
-123.157400 45.538000 -1.465200 
-122.589100 45.221100 0.323200 
-122.692800 45.834900 -4.205500 
-123.729900 46.656000 2.331100 
-121.596900 47.039900 -0.074500 
-123.297900 46.574700 4.171100 
-123.407800 47.236600 6.044000 
-123.366500 47.409300 6.435800 
-122.866300 46.588600 -2.702100 
-122.429200 46.531900 -1.300800 
-116.979700 46.797900 0.063900 
-122.941200 47.287900 0.411000 
-122.874700 47.823200 -3.387800 
-122.845400 46.452700 0.595200 
-122.514600 47.802700 -2.106300 
-122.340600 45.430200 0.215200 
-121.877400 45.676100 -0.175900 
-123.436200 47.003800 4.306700 
-121.988500 46.572100 -1.737100 
-121.683200 46.622900 -2.625100 
-119.872000 44.532500 -0.024500 
-121.075600 47.740200 0.022000 
-120.672200 45.590100 1.522500 
-122.892800 46.115700 2.412600 
-119.690100 45.452800 0.144300 
-120.005200 45.910600 -0.046500 
-119.631000 46.259800 -0.183400 
-119.544200 45.953300 -0.358500 
-119.041400 46.792800 -0.161700 
-119.487300 47.403500 -0.875400 
-118.745500 47.759100 -0.906100 
-118.992600 47.953800 0.106800 
-122.206300 41.294500 1.081700 
-122.293800 41.381200 -0.091100 
-122.152900 41.531900 -7.127900 
-121.490000 41.616300 -3.369400 
-122.354600 46.109600 0.448400 
-122.360600 46.189600 -4.137000 
-122.227000 46.231500 -0.843300 
-122.160600 46.173500 -3.998700 
-122.217400 46.178100 0.254200 
-122.133400 46.194600 -2.428800 
-122.310600 46.173000 -2.196700 
-120.828200 41.359200 -0.124800 
-120.472800 41.332500 0.187600 
-123.891400 43.392500 5.991800 
-124.413300 42.442000 0.961400 
-124.293300 42.076600 0.319900 
-123.231000 42.691600 4.327500 
-121.880100 42.579800 -3.370900 
-122.609600 42.727100 3.086800 
-119.658700 42.546100 -0.059900 
-117.725400 42.020200 0.043100 
-122.420500 41.830800 2.936600 
-123.980800 41.845500 2.069900 
-124.204600 47.212800 0.422900 
-122.570800 47.172100 -7.650100 
-121.686700 43.990700 -1.794900 
-124.255200 41.782700 0.925400 
-122.008100 47.499600 -0.031800 
-120.944400 39.974600 4.655000 
-121.147900 44.259800 -0.103400 
-120.724600 46.950900 0.881400 
-123.705700 47.816600 -0.307300 
-122.309500 47.654000 -1.731700 
-120.225000 40.591700 0.282700 
-119.015700 41.868400 0.984900 
-123.768400 46.207400 2.085200 
-124.150900 41.053900 0.943800 
-122.922900 47.015900 -1.112300 
