-123.487500 48.389800 -5.685400 -1.889800 0.100000 0.100000 0 ALBH 
-125.135100 48.835300 -3.403600 -2.393700 0.100000 0.100000 0 BAMF 
-119.682600 48.131500 -0.063600 -0.048800 0.100000 0.100000 0 BREW 
-117.843500 42.779500 -0.101900 0.056800 0.100000 0.100000 0 BURN 
-124.563300 42.836100 0.266500 -0.363100 0.100000 0.100000 0 CABL 
-122.008400 49.156600 0.264000 -0.062700 0.100000 0.100000 0 CHWK 
-123.978100 45.486500 -2.017100 -0.131300 0.100000 0.100000 0 CHZZ 
-123.304600 44.585500 -1.178100 -2.235900 0.100000 0.100000 0 CORV 
-122.256500 46.840100 -3.594700 -0.328200 0.100000 0.100000 0 CPXX 
-123.244200 43.118800 -1.778800 -0.935600 0.100000 0.100000 0 DDSN 
-119.625000 49.322600 0.305600 -0.008400 0.100000 0.100000 0 DRAO 
-119.355500 40.416500 -0.271600 -0.582100 0.100000 0.100000 0 GARL 
-120.814700 45.838800 -0.588600 0.636600 0.100000 0.100000 0 GOBS 
-121.469900 40.815900 -0.046800 0.536600 0.100000 0.100000 0 HCRO 
-128.135000 50.640400 -1.246800 0.514700 0.100000 0.100000 0 HOLB 
-122.896100 46.118200 0.000000 -0.000000 0.100000 0.100000 0 KELS 
-122.795400 47.547300 -2.472900 -1.022900 0.100000 0.100000 0 KTBW 
-120.538500 47.000300 -0.025200 0.056700 0.100000 0.100000 0 LINH 
-121.830900 47.944400 -0.166600 0.558600 0.100000 0.100000 0 LKCP 
-121.221600 42.418300 -0.238100 0.059600 0.100000 0.100000 0 MDMT 
-124.086500 49.294800 -3.466800 -1.672200 0.100000 0.100000 0 NANO 
-124.624900 48.297900 -3.675500 -2.242600 0.100000 0.100000 0 NEAH 
-117.330000 41.428700 -0.063400 0.013200 0.100000 0.100000 0 P013 
-119.935500 41.275900 -0.058600 -0.005400 0.100000 0.100000 0 P017 
-117.064600 42.981700 -0.057100 0.012300 0.100000 0.100000 0 P018 
-115.311700 43.300200 0.003100 0.002900 0.100000 0.100000 0 P019 
-118.565800 47.002200 -0.059100 -0.017500 0.100000 0.100000 0 P020 
-118.730300 48.674700 0.078200 -0.100200 0.100000 0.100000 0 P021 
-118.013800 45.231800 -0.094800 -0.024100 0.100000 0.100000 0 P022 
-116.103000 44.898400 0.044800 0.028800 0.100000 0.100000 0 P023 
-115.842400 47.562200 0.003100 0.002000 0.100000 0.100000 0 P024 
-116.287500 48.731000 0.036600 0.060700 0.100000 0.100000 0 P025 
-124.075400 40.876300 0.199000 0.105000 0.100000 0.100000 0 P058 
-122.414900 40.997600 -4.857100 -0.991200 0.100000 0.100000 0 P060 
-124.014000 42.967400 -2.405900 -0.435800 0.100000 0.100000 0 P061 
-121.090700 43.112400 0.074000 -0.074000 0.100000 0.100000 0 P062 
-120.946200 44.922700 -0.011100 0.049200 0.100000 0.100000 0 P063 
-120.933100 46.844000 -0.233100 -0.183500 0.100000 0.100000 0 P065 
-119.476800 40.779800 -0.063500 -0.041700 0.100000 0.100000 0 P137 
-119.010200 40.242200 -0.067500 0.096900 0.100000 0.100000 0 P138 
-119.722500 39.908200 -0.175700 -0.048400 0.100000 0.100000 0 P139 
-119.624300 41.357700 -0.047000 -0.007400 0.100000 0.100000 0 P145 
-120.284400 39.937400 -0.413200 0.390000 0.100000 0.100000 0 P147 
-120.806000 40.418600 0.454000 1.163600 0.100000 0.100000 0 P148 
-120.077300 40.288900 -0.085800 0.105000 0.100000 0.100000 0 P151 
-123.360100 41.807100 -1.628100 -0.343400 0.100000 0.100000 0 P154 
-123.188800 41.272400 -2.500100 0.838800 0.100000 0.100000 0 P155 
-123.906100 40.024400 -0.373700 -0.944200 0.100000 0.100000 0 P156 
-124.308100 40.247500 -1.076400 -0.308700 0.100000 0.100000 0 P157 
-124.107200 40.422500 -0.520900 -0.167000 0.100000 0.100000 0 P158 
-124.282800 40.504800 -0.082100 0.083100 0.100000 0.100000 0 P159 
-124.133300 40.551300 -0.314900 -0.208300 0.100000 0.100000 0 P160 
-124.213100 40.637400 0.529100 -0.191500 0.100000 0.100000 0 P161 
-124.237000 40.691100 0.302700 -0.643800 0.100000 0.100000 0 P162 
-124.057300 40.219600 -0.076300 -0.684100 0.100000 0.100000 0 P163 
-123.693300 40.119300 -0.553800 -0.243900 0.100000 0.100000 0 P164 
-123.853300 40.245500 -0.511400 -0.930800 0.100000 0.100000 0 P165 
-123.862800 40.435200 -0.447000 -0.038700 0.100000 0.100000 0 P166 
-123.880200 40.543700 0.117200 -0.378900 0.100000 0.100000 0 P167 
-123.881500 40.668600 -0.357200 0.527800 0.100000 0.100000 0 P168 
-123.967700 40.791100 -0.515800 0.014200 0.100000 0.100000 0 P169 
-123.863300 40.880200 -0.962000 1.199500 0.100000 0.100000 0 P170 
-123.685600 42.099000 -3.870800 -2.499700 0.100000 0.100000 0 P179 
-123.749300 39.261300 -0.239900 -0.030300 0.100000 0.100000 0 P185 
-123.602500 39.352500 -0.071200 0.014500 0.100000 0.100000 0 P187 
-123.204000 39.242000 -0.436800 0.485400 0.100000 0.100000 0 P190 
-123.632300 42.275400 -2.176500 -1.507500 0.100000 0.100000 0 P191 
-123.105200 39.319700 0.222500 -0.155000 0.100000 0.100000 0 P192 
-122.963100 39.398100 -0.710600 0.403000 0.100000 0.100000 0 P205 
-122.718600 39.260000 -0.019100 -0.543900 0.100000 0.100000 0 P207 
-123.698400 39.529200 0.074500 -0.299500 0.100000 0.100000 0 P312 
-123.564500 39.554300 -0.300400 -1.021300 0.100000 0.100000 0 P313 
-123.581800 39.685700 -0.607400 0.197200 0.100000 0.100000 0 P314 
-123.716900 39.863600 -0.987300 -0.369000 0.100000 0.100000 0 P315 
-123.551800 39.905700 -1.103000 -0.312300 0.100000 0.100000 0 P317 
-123.371900 39.452400 -0.058000 -0.145900 0.100000 0.100000 0 P318 
-123.295100 39.707100 -0.220500 -2.111100 0.100000 0.100000 0 P319 
-123.186800 39.492800 0.055400 -0.926600 0.100000 0.100000 0 P320 
-123.394900 39.897200 -0.192500 0.641100 0.100000 0.100000 0 P321 
-123.182500 39.962100 -2.767900 -2.132400 0.100000 0.100000 0 P322 
-123.655700 40.256800 -1.637300 -0.278700 0.100000 0.100000 0 P324 
-123.882600 41.151700 -1.954100 -1.001800 0.100000 0.100000 0 P325 
-123.698900 40.575300 -1.557900 0.919000 0.100000 0.100000 0 P326 
-123.573100 40.478900 -3.318300 -1.824300 0.100000 0.100000 0 P327 
-123.452000 40.082200 -1.318600 -0.275000 0.100000 0.100000 0 P329 
-123.135600 40.324100 -6.285500 -3.355600 0.100000 0.100000 0 P330 
-123.324100 40.732900 -5.903400 -1.186500 0.100000 0.100000 0 P331 
-123.174500 40.546700 -6.013800 -2.228500 0.100000 0.100000 0 P332 
-122.975800 39.621400 0.046900 -0.503200 0.100000 0.100000 0 P333 
-122.735900 39.493600 1.039800 1.000300 0.100000 0.100000 0 P334 
-122.873600 39.726200 -1.274900 -2.621600 0.100000 0.100000 0 P335 
-122.430500 39.528100 1.137400 -0.684400 0.100000 0.100000 0 P336 
-122.868800 40.296200 -5.703200 -3.203100 0.100000 0.100000 0 P337 
-122.923000 40.747600 -2.129600 -1.007800 0.100000 0.100000 0 P338 
-122.668200 40.034100 -1.251000 -1.995600 0.100000 0.100000 0 P339 
-122.606900 40.650700 -3.868700 -3.701000 0.100000 0.100000 0 P341 
-123.334200 40.887100 -6.196300 -1.384200 0.100000 0.100000 0 P343 
-122.028000 39.929100 -0.416600 -1.611800 0.100000 0.100000 0 P344 
-122.270800 40.271200 -5.137400 -1.227600 0.100000 0.100000 0 P345 
-120.867500 39.794700 -0.013000 0.042200 0.100000 0.100000 0 P346 
-120.948500 41.183300 0.035600 -0.173600 0.100000 0.100000 0 P347 
-121.828000 40.905500 0.762500 0.278200 0.100000 0.100000 0 P348 
-122.319400 40.731100 -4.887400 -1.600800 0.100000 0.100000 0 P349 
-114.862800 43.532800 -0.017700 0.004400 0.100000 0.100000 0 P350 
-114.719200 43.874400 -0.018100 0.009600 0.100000 0.100000 0 P351 
-124.225800 42.209100 -1.336100 -0.288500 0.100000 0.100000 0 P362 
-124.054000 42.860100 -3.126600 -1.133600 0.100000 0.100000 0 P363 
-124.409300 43.090300 -1.160300 -0.784800 0.100000 0.100000 0 P364 
-124.253500 43.395500 -1.680100 -0.395300 0.100000 0.100000 0 P365 
-123.979600 43.614300 -2.359000 -1.006800 0.100000 0.100000 0 P366 
-124.061600 44.585200 -2.204900 -0.768400 0.100000 0.100000 0 P367 
-123.383400 42.503500 -1.865000 -3.305100 0.100000 0.100000 0 P368 
-123.429500 43.140100 -2.088500 -1.604900 0.100000 0.100000 0 P369 
-122.656400 42.191000 -3.006700 -1.732900 0.100000 0.100000 0 P370 
-123.057900 43.363300 -1.544500 -0.613400 0.100000 0.100000 0 P371 
-117.251700 45.428100 -0.047700 0.011000 0.100000 0.100000 0 P372 
-123.333300 43.622500 -1.557000 -2.726100 0.100000 0.100000 0 P373 
-123.590600 44.381900 -0.652500 -2.331200 0.100000 0.100000 0 P374 
-123.427000 44.689300 -0.715300 -2.273500 0.100000 0.100000 0 P375 
-123.102300 44.941200 -1.713200 -1.386700 0.100000 0.100000 0 P376 
-122.887100 44.052100 -1.575900 -1.006100 0.100000 0.100000 0 P377 
-122.930900 44.535000 -1.153600 -0.399100 0.100000 0.100000 0 P378 
-122.577000 44.496500 -0.496000 -0.190600 0.100000 0.100000 0 P379 
-121.779700 42.259700 0.050200 -0.123900 0.100000 0.100000 0 P380 
-119.951800 43.001800 0.145200 0.048100 0.100000 0.100000 0 P381 
-121.769600 43.177100 0.040200 -0.162100 0.100000 0.100000 0 P382 
-122.217200 44.342200 0.199400 0.249600 0.100000 0.100000 0 P383 
-122.482800 44.841100 -0.099800 0.118000 0.100000 0.100000 0 P384 
-121.945800 44.434800 -0.050100 0.295600 0.100000 0.100000 0 P385 
-118.967800 44.402800 0.015900 0.009400 0.100000 0.100000 0 P386 
-121.574500 44.296800 0.574900 -0.467700 0.100000 0.100000 0 P387 
-120.377600 42.468800 0.023700 0.003800 0.100000 0.100000 0 P388 
-120.603400 43.812000 -0.029600 -0.191900 0.100000 0.100000 0 P389 
-118.928500 43.034000 -0.016100 0.031600 0.100000 0.100000 0 P390 
-118.412500 42.254600 -0.020900 0.049100 0.100000 0.100000 0 P391 
-119.001000 43.446800 0.036700 -0.074300 0.100000 0.100000 0 P392 
-117.892000 43.234500 0.016700 -0.054100 0.100000 0.100000 0 P393 
-117.799600 44.834900 -0.065800 -0.008800 0.100000 0.100000 0 P394 
-123.857500 45.022300 -2.208200 -1.059300 0.100000 0.100000 0 P395 
-123.822900 45.309500 -2.325700 -0.202300 0.100000 0.100000 0 P396 
-123.799200 46.421600 -3.140000 -0.944000 0.100000 0.100000 0 P397 
-123.916100 46.925800 -0.596700 -0.319500 0.100000 0.100000 0 P398 
-123.613000 47.433900 -4.763100 -2.489100 0.100000 0.100000 0 P399 
-123.812500 47.513300 -2.658200 -2.541400 0.100000 0.100000 0 P400 
-124.557000 47.937200 -0.240700 -0.058600 0.100000 0.100000 0 P401 
-124.305900 47.766200 -1.051400 -0.494800 0.100000 0.100000 0 P402 
-124.140900 48.062300 -4.358200 -2.664800 0.100000 0.100000 0 P403 
-123.390300 45.158500 -0.382300 -2.300000 0.100000 0.100000 0 P404 
-123.643800 45.629300 -2.197700 -1.388000 0.100000 0.100000 0 P405 
-123.152300 45.190400 -0.946300 -1.746200 0.100000 0.100000 0 P406 
-123.931000 45.954600 -1.638000 -0.168800 0.100000 0.100000 0 P407 
-123.376600 46.200500 -1.494800 -2.277800 0.100000 0.100000 0 P408 
-123.239500 45.851300 -0.545300 -1.868800 0.100000 0.100000 0 P409 
-123.078600 46.111100 -1.358700 -2.333500 0.100000 0.100000 0 P410 
-123.157400 45.538000 -1.369100 -1.642400 0.100000 0.100000 0 P411 
-122.589100 45.221100 -1.663000 -0.096400 0.100000 0.100000 0 P412 
-120.149600 48.426500 -0.026000 0.007300 0.100000 0.100000 0 P413 
-122.692800 45.834900 -2.570000 -0.731300 0.100000 0.100000 0 P414 
-123.729900 46.656000 -3.700500 -0.878100 0.100000 0.100000 0 P415 
-121.596900 47.039900 -0.118500 0.494000 0.100000 0.100000 0 P416 
-123.297900 46.574700 -1.840400 -2.846800 0.100000 0.100000 0 P417 
-123.407800 47.236600 -3.547600 -2.676100 0.100000 0.100000 0 P418 
-123.366500 47.409300 -3.342500 -2.452200 0.100000 0.100000 0 P419 
-122.866300 46.588600 -2.486600 -3.416400 0.100000 0.100000 0 P420 
-122.429200 46.531900 -3.491400 -1.352000 0.100000 0.100000 0 P421 
-116.979700 46.797900 -0.008300 0.001800 0.100000 0.100000 0 P422 
-122.941200 47.287900 -1.018300 -2.645600 0.100000 0.100000 0 P423 
-122.874700 47.823200 -3.243600 -2.866200 0.100000 0.100000 0 P424 
-122.845400 46.452700 -2.789000 -1.851200 0.100000 0.100000 0 P425 
-122.514600 47.802700 -4.634700 -3.354100 0.100000 0.100000 0 P426 
-122.340600 45.430200 -1.329600 -0.095100 0.100000 0.100000 0 P427 
-121.877400 45.676100 -0.148400 0.237500 0.100000 0.100000 0 P429 
-123.436200 47.003800 -6.040000 -2.231300 0.100000 0.100000 0 P430 
-121.988500 46.572100 -1.708000 -0.941600 0.100000 0.100000 0 P431 
-121.683200 46.622900 -0.547100 -0.094300 0.100000 0.100000 0 P432 
-119.872000 44.532500 0.006800 0.035600 0.100000 0.100000 0 P433 
-121.075600 47.740200 -0.080400 0.138200 0.100000 0.100000 0 P434 
-123.503300 48.059500 -4.878100 -2.900600 0.100000 0.100000 0 P435 
-123.134300 48.045300 -3.920700 -3.767100 0.100000 0.100000 0 P436 
-122.459200 48.001800 -4.546000 -1.045800 0.100000 0.100000 0 P437 
-122.670300 48.419100 -5.218900 -3.502300 0.100000 0.100000 0 P438 
-122.909300 48.708200 -4.243800 -2.977800 0.100000 0.100000 0 P439 
-122.493300 48.856200 -0.209600 -1.184100 0.100000 0.100000 0 P440 
-122.139600 48.916000 0.817200 -0.073000 0.100000 0.100000 0 P441 
-121.615500 48.260500 0.126500 0.499400 0.100000 0.100000 0 P442 
-121.285600 48.509600 -0.486900 -1.139900 0.100000 0.100000 0 P443 
-121.067500 48.730200 -0.196600 0.122800 0.100000 0.100000 0 P444 
-120.672200 45.590100 0.004300 -0.120400 0.100000 0.100000 0 P445 
-122.892800 46.115700 -2.391600 -2.092600 0.100000 0.100000 0 P446 
-119.690100 45.452800 -0.033900 -0.037800 0.100000 0.100000 0 P447 
-120.005200 45.910600 -0.067000 0.039300 0.100000 0.100000 0 P448 
-119.631000 46.259800 -0.032500 0.058500 0.100000 0.100000 0 P449 
-119.544200 45.953300 -0.030600 0.025700 0.100000 0.100000 0 P450 
-119.041400 46.792800 -0.047400 0.007500 0.100000 0.100000 0 P451 
-119.487300 47.403500 0.098700 0.054900 0.100000 0.100000 0 P452 
-118.745500 47.759100 -0.011600 0.079400 0.100000 0.100000 0 P453 
-118.992600 47.953800 -0.005900 -0.051500 0.100000 0.100000 0 P454 
-122.206300 41.294500 -1.178700 0.125900 0.100000 0.100000 0 P655 
-122.293800 41.381200 -2.946600 -0.421000 0.100000 0.100000 0 P657 
-122.152900 41.531900 0.445800 -0.617800 0.100000 0.100000 0 P663 
-121.490000 41.616300 -0.083900 -0.206600 0.100000 0.100000 0 P674 
-122.354600 46.109600 -2.890500 -2.057900 0.100000 0.100000 0 P687 
-122.360600 46.189600 -2.704300 -0.768800 0.100000 0.100000 0 P689 
-122.227000 46.231500 -1.873800 -0.390900 0.100000 0.100000 0 P691 
-122.160600 46.173500 -0.732300 1.725100 0.100000 0.100000 0 P698 
-122.217400 46.178100 -1.932100 -0.216000 0.100000 0.100000 0 P700 
-122.133400 46.194600 -3.500500 -1.693800 0.100000 0.100000 0 P701 
-122.310600 46.173000 -2.157500 -0.206500 0.100000 0.100000 0 P705 
-120.828200 41.359200 0.133400 -0.026800 0.100000 0.100000 0 P730 
-120.472800 41.332500 0.114800 -0.040000 0.100000 0.100000 0 P731 
-123.891400 43.392500 -2.092700 -0.603300 0.100000 0.100000 0 P732 
-124.413300 42.442000 -0.654200 0.095600 0.100000 0.100000 0 P733 
-124.293300 42.076600 -1.084600 -0.367100 0.100000 0.100000 0 P734 
-123.231000 42.691600 -0.627900 -1.993700 0.100000 0.100000 0 P735 
-121.880100 42.579800 0.134700 0.270600 0.100000 0.100000 0 P736 
-122.609600 42.727100 0.629200 0.005100 0.100000 0.100000 0 P737 
-119.658700 42.546100 -0.070600 0.010900 0.100000 0.100000 0 P738 
-117.725400 42.020200 -0.034700 0.036800 0.100000 0.100000 0 P739 
-122.420500 41.830800 -0.081000 0.356700 0.100000 0.100000 0 P784 
-123.980800 41.845500 -3.095700 -0.971200 0.100000 0.100000 0 P786 
-123.573100 40.478800 -3.312700 -1.881300 0.100000 0.100000 0 P793 
-118.745500 47.759200 -0.000000 0.000000 0.100000 0.100000 0 P813 
-118.745400 47.759200 0.000000 -0.000000 0.100000 0.100000 0 P814 
-124.557200 47.937200 0.031300 0.014500 0.100000 0.100000 0 P815 
-124.557100 47.937100 0.000400 -0.001300 0.100000 0.100000 0 P816 
-124.204600 47.212800 0.037500 -1.341200 0.100000 0.100000 0 PABH 
-122.570800 47.172100 -3.529200 -0.678800 0.100000 0.100000 0 PCOL 
-121.686700 43.990700 -0.731300 0.194600 0.100000 0.100000 0 PMAR 
-124.255200 41.782700 0.201400 -0.244100 0.100000 0.100000 0 PTSG 
-122.008100 47.499600 -2.936700 -1.228000 0.100000 0.100000 0 PUPU 
-120.944400 39.974600 -0.307100 -0.400000 0.100000 0.100000 0 QUIN 
-121.147900 44.259800 0.032100 -0.114700 0.100000 0.100000 0 REDM 
-120.724600 46.950900 1.808000 0.011900 0.100000 0.100000 0 SC00 
-123.007600 48.546200 -5.268800 -3.283400 0.100000 0.100000 0 SC02 
-123.705700 47.816600 -3.909200 -5.389800 0.100000 0.100000 0 SC03 
-123.704100 48.923200 -4.008500 -1.812000 0.100000 0.100000 0 SC04 
-122.309500 47.654000 -3.121200 -1.748100 0.100000 0.100000 0 SEAT 
-122.223800 48.521600 -0.310600 -1.068000 0.100000 0.100000 0 SEDR 
-120.225000 40.591700 -0.148500 -0.207800 0.100000 0.100000 0 SHIN 
-119.015700 41.868400 -0.110900 -0.163300 0.100000 0.100000 0 SHLD 
-123.768400 46.207400 -2.803500 -0.985700 0.100000 0.100000 0 TPW2 
-124.150900 41.053900 1.789300 0.309800 0.100000 0.100000 0 TRND 
-122.922900 47.015900 -2.299400 -3.685500 0.100000 0.100000 0 TWHL 
-125.541600 48.925600 -3.704700 -1.670900 0.100000 0.100000 0 UCLU 
-122.167800 52.236900 -0.105400 0.157900 0.100000 0.100000 0 WILL 
