# Cascadia inter-ETS (secular) velocities by station in mm/year
# Seasonal amplitudes are given in mm
# a1 is an annual period sine wave, a2 is an annual cosine wave; s1 and s2 are the same but with semiannual (6month) periods
# Made by Noel Bartlow, July 23, 2018 
# For more info email nbartlow@berkeley.edu
# Do not share without permission

# Name 	  Ev 	 	  Nv 	 	 Uv 	 	 Ea1	 	 Na1	 	 Ua1	 	 Ea2	 	 Na2	 	 Ua2	 	 Es1	 	 Ns1	 	 Us1	 	 Es2	 	 Ns2	 	 Us2
ALBH 	  12.0974 	  6.1463 	  -0.6900 	  -0.0688 	  -0.0373 	  -5.2843  	  -0.0431 	  -0.4085 	  -1.1863 	  -0.0061 	  -0.1099 	  1.0956 	  -0.0130 	  -0.0457 	  -0.8804
BAMF 	  13.0124 	  8.8247 	  5.2053 	  0.5167 	  1.2305 	  -5.3938  	  0.8321 	  0.6572 	  -3.3229 	  -0.0279 	  0.1157 	  0.3361 	  -0.0068 	  -0.0444 	  0.4072
BREW 	  2.0671 	  1.1335 	  -0.4095 	  -0.5029 	  0.3873 	  -5.9678  	  -0.0496 	  -0.1038 	  0.0032 	  -0.0548 	  -0.0126 	  0.9194 	  -0.0555 	  0.0466 	  -1.2443
BURN 	  -1.3978 	  1.1541 	  -0.7054 	  0.3423 	  0.6448 	  -3.6147  	  0.2042 	  -0.2477 	  -0.6649 	  -0.2340 	  0.0896 	  0.4341 	  -0.0255 	  0.1253 	  -0.6478
CABL 	  6.1523 	  14.0158 	  0.8164 	  0.8933 	  -0.1950 	  -3.2703  	  0.3432 	  0.1368 	  -1.0311 	  -0.2462 	  -0.0424 	  0.6266 	  0.0525 	  -0.0396 	  -0.7862
CHWK 	  3.0205 	  1.8965 	  -0.4430 	  0.5511 	  0.5845 	  -6.8833  	  0.0530 	  -0.0905 	  2.3130 	  -0.0952 	  -0.0029 	  1.0786 	  -0.0077 	  -0.0030 	  -1.7789
CHZZ 	  9.9415 	  9.4717 	  -2.5367 	  0.5696 	  0.3791 	  -4.5009  	  0.3677 	  0.1219 	  -3.0459 	  -0.2350 	  -0.2531 	  1.3913 	  0.0174 	  -0.4093 	  -1.2641
CORV 	  5.4582 	  9.0751 	  1.4093 	  0.4016 	  0.0598 	  -4.1556  	  0.2936 	  0.5677 	  0.2887 	  -0.1717 	  -0.0331 	  1.2054 	  -0.0746 	  0.0293 	  -0.6219
CPXX 	  7.8157 	  4.4772 	  1.9580 	  0.1374 	  0.4608 	  -6.7258  	  -0.0418 	  0.0972 	  -0.3120 	  -0.0266 	  0.0089 	  1.3509 	  -0.0228 	  -0.1388 	  -1.6538
DDSN 	  2.3739 	  8.2930 	  0.6031 	  0.7951 	  -0.2752 	  -5.8711  	  -0.1187 	  0.4155 	  0.2881 	  -0.1281 	  -0.0909 	  1.3314 	  -0.0578 	  -0.0863 	  -0.7804
DRAO 	  1.5767 	  0.6594 	  -0.7282 	  0.1342 	  0.0072 	  -6.1974  	  0.6554 	  -0.5520 	  0.8252 	  -0.1800 	  -0.0123 	  0.9350 	  0.0471 	  0.0754 	  -1.4165
GARL 	  -4.1857 	  3.8599 	  -0.3378 	  0.0603 	  0.1828 	  -4.2324  	  0.4129 	  0.1061 	  -0.6373 	  -0.1569 	  -0.0980 	  -0.0547 	  -0.0567 	  0.0676 	  -0.8929
GOBS 	  2.4987 	  1.8919 	  -1.5719 	  -1.0481 	  1.4607 	  -5.2430  	  0.8654 	  -0.7736 	  -1.3158 	  0.0664 	  -0.2293 	  0.8785 	  -0.1608 	  0.3165 	  -1.1236
HCRO 	  -5.9242 	  4.7582 	  -3.4598 	  -0.7009 	  -0.5672 	  -6.1939  	  -0.1082 	  -0.0870 	  1.5903 	  -0.1148 	  0.0339 	  -0.3784 	  -0.0609 	  0.3224 	  -0.6712
HOLB 	  2.8134 	  2.0888 	  6.7402 	  0.6111 	  0.2669 	  -4.8013  	  0.2140 	  0.3018 	  0.7675 	  -0.0478 	  0.0997 	  0.1949 	  -0.1288 	  -0.1285 	  0.3407
KELS 	  4.6800 	  5.8958 	  -0.4049 	  0.5319 	  -0.3650 	  -4.8052  	  0.3248 	  0.0986 	  -1.0383 	  0.0022 	  -0.1273 	  -0.0979 	  0.1293 	  -0.1027 	  -1.0799
KTBW 	  8.0775 	  5.1413 	  3.2787 	  -0.1560 	  -0.3682 	  -5.2104  	  0.1451 	  -0.0399 	  -0.0747 	  0.0865 	  -0.1260 	  0.9302 	  -0.0484 	  -0.3654 	  -0.5404
LINH 	  2.1677 	  1.4879 	  -0.3382 	  -0.3862 	  0.2746 	  -4.5278  	  0.5640 	  -0.6569 	  0.2728 	  -0.0059 	  0.1794 	  0.5951 	  0.0568 	  -0.1817 	  -0.9616
LKCP 	  3.9582 	  2.0927 	  1.5019 	  0.6470 	  0.3703 	  -5.8767  	  -0.3140 	  -0.1285 	  -1.0338 	  -0.0436 	  -0.1299 	  1.3835 	  0.1044 	  0.1225 	  -1.3998
MDMT 	  -2.1787 	  4.6255 	  -1.8305 	  0.0201 	  -0.2039 	  -3.3980  	  0.0410 	  -0.5257 	  2.1925 	  -0.2829 	  0.2029 	  -0.0864 	  -0.0879 	  0.1690 	  -1.2316
NANO 	  9.3926 	  5.8892 	  8.6237 	  0.1573 	  0.6142 	  -7.8256  	  0.2503 	  -0.1701 	  -0.3187 	  -0.1504 	  0.0395 	  1.4504 	  0.0269 	  0.0135 	  -0.5995
NEAH 	  14.5705 	  9.8048 	  -3.5640 	  0.5832 	  0.1692 	  -4.8386  	  0.5839 	  0.6597 	  -6.0553 	  -0.2936 	  -0.3409 	  1.7281 	  0.0785 	  -0.0924 	  -1.1549
P013 	  -2.5072 	  0.9947 	  0.3541 	  -0.0487 	  0.0349 	  -3.8143  	  -0.0039 	  -0.1601 	  -0.7421 	  -0.0736 	  0.0701 	  0.3096 	  -0.0369 	  0.1151 	  -0.5773
P017 	  -3.8375 	  3.8559 	  0.0600 	  -0.1716 	  0.0736 	  -4.1569  	  0.3577 	  0.0779 	  0.1069 	  -0.0977 	  0.0166 	  0.1421 	  -0.0635 	  0.0264 	  -0.3259
P018 	  -1.4300 	  0.5780 	  -0.5305 	  0.2682 	  0.3182 	  -4.5018  	  0.0420 	  -0.0246 	  -0.3564 	  -0.1098 	  -0.0565 	  0.2751 	  0.0001 	  0.1017 	  -0.6114
P019 	  -1.5016 	  -0.2837 	  -1.0841 	  0.0696 	  0.5232 	  -6.5409  	  -0.0138 	  -0.5004 	  -1.1007 	  -0.2150 	  0.0095 	  0.3130 	  -0.0094 	  0.1061 	  -0.5543
P020 	  1.3728 	  0.7468 	  -0.6192 	  0.1132 	  0.1426 	  -5.7651  	  -0.0102 	  -0.0217 	  -2.0695 	  -0.0794 	  0.0506 	  1.0360 	  -0.0299 	  0.1009 	  -0.9941
P021 	  1.5859 	  0.8743 	  0.3656 	  -0.0950 	  0.0323 	  -6.3595  	  -0.0852 	  -0.0657 	  -1.4532 	  -0.1039 	  -0.0265 	  1.0978 	  0.0751 	  -0.0621 	  -1.7432
P022 	  0.6970 	  0.8718 	  0.3692 	  0.3281 	  0.1136 	  -5.9410  	  -0.0345 	  0.2448 	  -2.2857 	  -0.1775 	  -0.0242 	  0.6982 	  0.0612 	  0.0284 	  -1.1890
P023 	  0.3419 	  0.2219 	  -0.0112 	  0.3851 	  -0.1998 	  -6.9369  	  0.1077 	  0.2875 	  -0.6658 	  -0.1568 	  -0.0207 	  0.9302 	  -0.1312 	  -0.0269 	  -0.7424
P024 	  1.3005 	  -0.2827 	  -0.0881 	  0.5374 	  0.0673 	  -8.2153  	  0.6916 	  -0.1997 	  -1.1173 	  -0.2169 	  -0.0136 	  1.3247 	  0.0720 	  0.2174 	  -0.4505
P025 	  1.4155 	  -0.2394 	  0.6573 	  -0.3292 	  0.2535 	  -7.2196  	  0.1249 	  -0.1473 	  -0.3736 	  -0.0260 	  -0.0926 	  1.3933 	  -0.0584 	  0.0661 	  -0.7473
P058 	  1.5648 	  16.6626 	  1.7620 	  0.9598 	  -0.0384 	  -5.3512  	  0.0743 	  -0.1419 	  -1.3026 	  -0.0315 	  -0.0147 	  0.3729 	  0.0044 	  0.1026 	  -0.5314
P060 	  -0.9626 	  7.3201 	  0.6990 	  -0.0206 	  -0.2471 	  -10.0612  	  -0.0001 	  -0.2446 	  -1.0425 	  0.0731 	  -0.1660 	  1.3624 	  -0.1944 	  0.1614 	  -0.4023
P061 	  4.2383 	  9.8740 	  -5.7765 	  0.5872 	  -0.1216 	  -4.0057  	  0.5244 	  0.0587 	  -0.5515 	  -0.2926 	  0.0774 	  0.5909 	  0.0604 	  -0.1008 	  -1.0611
P062 	  -1.2938 	  3.9891 	  0.7322 	  -0.3691 	  -0.0506 	  -4.9806  	  0.1897 	  -0.1184 	  -0.1030 	  -0.1601 	  0.0405 	  0.5201 	  -0.0658 	  0.0693 	  -0.9065
P063 	  1.2526 	  2.6746 	  -0.6672 	  -0.0018 	  0.3330 	  -5.5285  	  0.3077 	  0.2266 	  -1.2316 	  -0.0431 	  -0.0162 	  0.9404 	  -0.0506 	  0.1108 	  -0.7532
P065 	  2.9595 	  2.3439 	  -1.7811 	  -0.2892 	  0.2072 	  -6.7815  	  0.1699 	  0.3574 	  -1.4337 	  -0.0249 	  -0.0616 	  1.0070 	  -0.0167 	  -0.0622 	  -0.8213
P137 	  -4.3313 	  3.4006 	  -0.1166 	  -0.3441 	  -0.1213 	  -3.6673  	  0.1473 	  -0.3075 	  -1.2488 	  -0.1595 	  0.0525 	  -0.3141 	  -0.0924 	  0.0610 	  -0.7786
P138 	  -4.7286 	  3.0766 	  -0.6064 	  -0.3329 	  -0.2404 	  -3.9312  	  -0.0082 	  -0.1836 	  -1.4865 	  -0.0767 	  0.0377 	  0.2681 	  0.0751 	  0.0985 	  -0.7905
P139 	  -6.0737 	  4.8051 	  -0.5996 	  -0.7463 	  -0.4111 	  -5.0839  	  -0.0626 	  -0.1548 	  -0.6214 	  -0.0229 	  0.0652 	  0.0506 	  -0.0427 	  0.1425 	  -0.4828
P145 	  -3.8177 	  3.3719 	  -0.1718 	  -0.1166 	  0.0905 	  -3.8459  	  0.2063 	  -0.0601 	  -0.7725 	  -0.1509 	  0.0120 	  0.2335 	  -0.0396 	  0.1716 	  -0.5005
P147 	  -6.4417 	  5.2168 	  -1.9806 	  -0.6396 	  0.1211 	  -6.6718  	  -0.0665 	  0.1724 	  -0.1384 	  0.0068 	  -0.0670 	  0.2054 	  -0.1922 	  0.0153 	  -0.3320
P148 	  -6.7633 	  4.5246 	  1.1480 	  -0.4980 	  -0.3067 	  -7.0623  	  -0.0049 	  -0.7968 	  -0.0487 	  -0.1125 	  -0.0748 	  0.0837 	  -0.1388 	  0.1625 	  -1.0286
P151 	  -5.7675 	  4.7792 	  -0.8426 	  -0.4172 	  0.0007 	  -4.9393  	  0.0809 	  -0.0551 	  -0.5834 	  0.0126 	  0.0294 	  0.1370 	  -0.0783 	  0.1466 	  -0.6441
P154 	  -0.1639 	  8.5852 	  -8.2753 	  0.4950 	  -0.0437 	  -6.9879  	  -0.2069 	  -0.4239 	  -2.1722 	  0.0843 	  -0.1113 	  0.4532 	  -0.0922 	  0.2470 	  -0.7406
P155 	  -0.7964 	  7.2184 	  -12.7723 	  0.7046 	  -0.1227 	  -9.0772  	  0.5855 	  -0.0461 	  -4.1567 	  0.1939 	  -0.0498 	  0.2281 	  -0.2460 	  0.0578 	  -0.1119
P156 	  -18.8710 	  24.5402 	  -0.5331 	  0.8969 	  0.4035 	  -4.0010  	  0.1992 	  -0.0507 	  -2.0266 	  -0.1472 	  0.0539 	  0.0753 	  0.2398 	  -0.0579 	  -0.5922
P157 	  -17.4739 	  32.7089 	  -2.8561 	  0.9590 	  0.2045 	  -4.6543  	  0.0988 	  0.4357 	  -0.4493 	  -0.1060 	  0.1378 	  0.9263 	  -0.1303 	  -0.0915 	  0.3781
P158 	  -4.5403 	  22.4845 	  1.5040 	  0.8029 	  0.8497 	  -8.4558  	  0.5302 	  0.3667 	  -1.4503 	  -0.1509 	  -0.2077 	  0.1493 	  -0.1808 	  -0.0806 	  -0.6912
P159 	  -2.1990 	  26.5279 	  -1.2662 	  1.0765 	  0.1072 	  -4.6388  	  0.3030 	  0.5627 	  -1.3260 	  -0.0779 	  -0.0425 	  0.3944 	  0.0806 	  -0.0009 	  -0.3549
P160 	  -1.8151 	  21.1051 	  0.4925 	  1.2943 	  0.0159 	  -4.9095  	  0.4324 	  -0.1207 	  -0.9328 	  -0.0247 	  0.0445 	  0.0158 	  -0.0350 	  0.1732 	  -0.7493
P161 	  0.2152 	  21.4023 	  -1.9573 	  0.8299 	  0.0732 	  -5.0587  	  0.4077 	  -0.0586 	  -1.2156 	  -0.2023 	  -0.0868 	  -0.0909 	  0.1592 	  0.0117 	  -0.6049
P162 	  2.4298 	  21.5550 	  -2.9491 	  0.9490 	  0.3045 	  -5.2400  	  0.2405 	  -0.1836 	  -1.1737 	  -0.0997 	  0.0265 	  0.1479 	  -0.0180 	  0.0286 	  -0.4610
P163 	  -14.0814 	  24.8196 	  7.5170 	  0.6439 	  0.1704 	  -4.7208  	  0.1133 	  -0.2649 	  -2.5523 	  -0.0834 	  -0.0835 	  0.4098 	  0.0901 	  0.1041 	  -1.0668
P164 	  -13.6076 	  15.8022 	  -4.4951 	  0.1233 	  -0.0418 	  -4.8399  	  -0.1885 	  -0.4735 	  -0.4104 	  -0.2510 	  -0.0701 	  0.3257 	  -0.2795 	  0.2267 	  -0.6178
P165 	  -10.6070 	  19.0290 	  -1.9539 	  1.1251 	  -0.0385 	  -5.9579  	  0.1253 	  0.2104 	  -0.5087 	  -0.1164 	  0.1793 	  -0.0281 	  -0.1744 	  0.0944 	  -0.6699
P166 	  -5.0209 	  16.5446 	  -3.0782 	  0.7085 	  -0.0635 	  -6.1956  	  0.1222 	  -0.1844 	  -1.3996 	  -0.0024 	  0.1780 	  -0.0587 	  -0.1612 	  0.1069 	  -0.7394
P167 	  -3.5796 	  15.7877 	  -0.1900 	  1.0197 	  -0.1405 	  -5.0895  	  0.4252 	  0.2630 	  -0.8124 	  -0.1436 	  -0.0735 	  0.5236 	  0.0605 	  -0.0809 	  -0.5339
P168 	  -1.1478 	  14.3399 	  -0.5387 	  0.4092 	  -0.9928 	  -3.8401  	  0.1635 	  0.3455 	  -0.9374 	  0.1057 	  -0.1371 	  0.3532 	  -0.0213 	  0.1738 	  -0.6392
P169 	  1.2737 	  15.7039 	  -1.3127 	  0.9176 	  0.0391 	  -5.0898  	  0.4299 	  -0.0648 	  -1.2105 	  -0.0219 	  -0.0194 	  0.3681 	  0.0349 	  0.0951 	  -0.5010
P170 	  -0.3323 	  11.1681 	  4.9293 	  0.7130 	  0.0967 	  -5.0078  	  0.1101 	  0.2934 	  -1.7903 	  0.0627 	  -0.1739 	  1.2287 	  0.0107 	  -0.0819 	  -0.1061
P179 	  3.0350 	  11.4870 	  -11.9239 	  0.9253 	  -0.0252 	  -5.2643  	  0.0427 	  -0.4679 	  -1.1519 	  -0.0238 	  0.0706 	  0.9240 	  -0.0885 	  0.1158 	  -1.0442
P185 	  -22.3703 	  29.1952 	  -0.2531 	  1.0177 	  0.1974 	  -4.4147  	  0.3432 	  0.0380 	  -0.8200 	  -0.1003 	  0.0127 	  0.2612 	  0.0351 	  0.1798 	  -0.6884
P187 	  -22.4909 	  23.2399 	  0.7650 	  1.4385 	  1.1870 	  -6.4641  	  0.9373 	  0.1074 	  -3.4397 	  -0.1406 	  0.1219 	  0.2385 	  0.2460 	  0.1947 	  -0.9766
P190 	  -15.9678 	  17.0685 	  -0.3665 	  0.9780 	  -0.0512 	  -5.5282  	  0.2725 	  -0.0058 	  -1.5407 	  -0.1654 	  0.0050 	  -0.0302 	  -0.0238 	  0.0852 	  -0.4473
P191 	  1.6440 	  9.5224 	  -13.4785 	  0.7343 	  -0.1971 	  -4.5875  	  -0.0987 	  -0.8326 	  -0.8098 	  -0.0364 	  -0.0239 	  0.6134 	  -0.0174 	  0.3309 	  -1.0081
P192 	  -15.1610 	  15.0018 	  -0.6574 	  0.5901 	  0.4621 	  -6.2630  	  0.0913 	  -0.1741 	  0.0609 	  -0.0694 	  0.0206 	  0.3157 	  -0.0758 	  0.1826 	  -0.5133
P205 	  -13.3527 	  13.3054 	  3.3420 	  1.3208 	  -3.0008 	  -2.5875  	  -0.3099 	  -0.5916 	  -1.1773 	  -0.0728 	  0.7351 	  0.3159 	  0.0786 	  0.3725 	  0.2564
P207 	  -11.2095 	  7.9726 	  -2.9051 	  -0.3080 	  1.9111 	  -5.8203  	  0.5052 	  -0.1111 	  -1.1247 	  -0.0306 	  0.0646 	  0.5499 	  -0.2209 	  -0.1620 	  -0.1650
P312 	  -22.2104 	  24.4994 	  -3.1199 	  0.8765 	  -0.5071 	  -3.7039  	  0.3838 	  -0.0268 	  1.0542 	  -0.0720 	  0.0161 	  -0.0854 	  -0.2157 	  0.1885 	  -1.6051
P313 	  -21.1298 	  23.0639 	  -5.5518 	  0.2073 	  -0.1678 	  -4.1093  	  -0.1583 	  -0.5420 	  -1.4273 	  -0.1793 	  -0.0043 	  0.1235 	  -0.1603 	  0.2362 	  -1.6398
P314 	  -21.3475 	  19.3607 	  0.3926 	  0.5909 	  0.4373 	  -4.3732  	  0.5896 	  0.0207 	  -1.8101 	  -0.1131 	  -0.1220 	  0.8347 	  -0.1032 	  0.2830 	  -0.4359
P315 	  -20.0150 	  20.8697 	  -2.2464 	  0.7656 	  0.4075 	  -5.5111  	  0.3145 	  0.0986 	  -0.9171 	  -0.0022 	  -0.0479 	  0.1519 	  -0.0809 	  0.1231 	  -0.9248
P317 	  -16.1021 	  14.8096 	  -2.7736 	  1.8427 	  0.6681 	  -3.8841  	  -0.1712 	  0.0134 	  -2.0870 	  0.1561 	  0.2174 	  0.6839 	  0.0168 	  0.0875 	  -0.5732
P318 	  -17.5671 	  15.0878 	  -3.0725 	  1.0701 	  0.3813 	  -5.9512  	  0.2769 	  0.1393 	  -1.1023 	  -0.0923 	  0.0358 	  0.0336 	  0.0183 	  0.1021 	  -0.5194
P319 	  -17.0379 	  11.3262 	  4.5779 	  0.8133 	  0.1777 	  -7.5474  	  -0.0106 	  0.3146 	  -2.5161 	  -0.0066 	  -0.0612 	  0.0516 	  -0.0580 	  0.1066 	  -0.4015
P320 	  -16.9187 	  14.9288 	  0.6721 	  0.6619 	  0.1199 	  -5.6713  	  -0.1180 	  -0.3036 	  0.2678 	  -0.0198 	  0.0590 	  0.5180 	  -0.0817 	  0.1178 	  -0.9305
P321 	  -14.0930 	  15.1440 	  1.1207 	  -0.5790 	  -1.0699 	  -5.1881  	  0.8849 	  -0.0364 	  -3.3298 	  -0.4053 	  -0.1139 	  0.7482 	  -0.5129 	  -0.4087 	  0.1383
P322 	  -7.8308 	  10.0337 	  -0.7469 	  0.7100 	  -0.2668 	  -9.1320  	  -0.1153 	  -0.1087 	  -2.2233 	  -0.0412 	  -0.1136 	  0.2467 	  -0.1143 	  0.1325 	  -0.7412
P324 	  -9.0213 	  14.3253 	  -5.1771 	  0.8128 	  0.1138 	  -6.2975  	  -0.2887 	  -0.2651 	  -0.7615 	  -0.0421 	  0.0750 	  -0.0432 	  -0.0103 	  0.0224 	  -0.8043
P325 	  1.8025 	  11.6649 	  -2.1430 	  0.9714 	  -0.0231 	  -5.5171  	  0.1444 	  -0.0419 	  -1.3695 	  -0.1061 	  0.0139 	  0.8336 	  -0.0043 	  0.0883 	  -0.6931
P326 	  -4.1231 	  8.7336 	  -2.0480 	  0.5209 	  -0.9469 	  -5.0872  	  -0.1095 	  0.1362 	  -0.8187 	  0.0181 	  0.0603 	  0.2593 	  -0.0441 	  -0.0637 	  -0.7673
P327 	  -4.2286 	  10.4343 	  -2.9870 	  0.8022 	  0.2220 	  -5.7359  	  0.0416 	  -0.3375 	  -1.0553 	  -0.1567 	  0.0972 	  -0.0554 	  0.0597 	  0.0058 	  -0.8056
P329 	  -12.4392 	  12.9174 	  -2.6779 	  0.7961 	  -0.1897 	  -6.0710  	  -0.1262 	  -0.2492 	  -2.1504 	  -0.1045 	  -0.1307 	  0.7298 	  -0.0634 	  0.0889 	  -1.0813
P330 	  -2.4480 	  10.9663 	  1.2277 	  0.1031 	  0.4151 	  -8.7990  	  -0.2210 	  -0.1105 	  -3.3803 	  0.0038 	  0.2115 	  0.6575 	  -0.1644 	  0.1241 	  -0.5004
P331 	  0.1353 	  9.4437 	  -11.3184 	  0.5562 	  -0.2863 	  -7.9385  	  -0.3378 	  0.2117 	  -2.4084 	  -0.0320 	  -0.1909 	  1.1949 	  -0.0495 	  0.3363 	  -0.1274
P332 	  -1.2325 	  9.9289 	  -13.3213 	  0.5482 	  0.4893 	  -8.0777  	  -0.2699 	  -0.4348 	  -0.0172 	  -0.1783 	  -0.0843 	  0.5695 	  -0.0113 	  0.3641 	  -1.1017
P333 	  -11.1432 	  8.7716 	  0.7385 	  0.3152 	  0.2602 	  -7.2317  	  0.5586 	  -0.0508 	  -2.3032 	  0.0321 	  -0.1414 	  -0.0016 	  -0.2030 	  0.1398 	  -0.0247
P334 	  -11.2756 	  6.4909 	  11.5695 	  0.9038 	  1.4241 	  -4.7673  	  0.8264 	  0.8150 	  -2.4113 	  -0.0880 	  -0.2199 	  0.5878 	  0.0034 	  0.2017 	  -0.2175
P335 	  -8.8050 	  10.2141 	  5.7232 	  0.3904 	  0.4803 	  -6.0527  	  0.9510 	  0.1020 	  -2.3679 	  -0.0981 	  0.1902 	  0.0248 	  -0.0293 	  0.0624 	  0.5042
P336 	  -10.6816 	  7.5611 	  2.9891 	  0.7362 	  0.6304 	  -6.0679  	  0.6398 	  0.1665 	  -2.0858 	  0.1616 	  0.1090 	  0.6808 	  0.0503 	  0.1830 	  -0.1761
P337 	  -2.9180 	  10.4995 	  -1.5892 	  1.6143 	  1.4603 	  -3.0598  	  -0.4728 	  -1.3302 	  -2.2562 	  -0.2744 	  0.1159 	  1.7146 	  0.5715 	  0.5549 	  -1.8460
P338 	  -4.4633 	  8.0982 	  -3.3008 	  0.5075 	  0.0686 	  -6.7549  	  -0.1386 	  -0.5878 	  1.2145 	  0.0100 	  -0.0829 	  1.6442 	  0.2299 	  0.0901 	  -0.0930
P339 	  -7.8499 	  9.0614 	  -1.6848 	  -0.1344 	  -0.2078 	  -7.6078  	  -0.0562 	  -0.0386 	  -2.9569 	  -0.1539 	  0.0022 	  1.7270 	  -0.2329 	  0.0854 	  -0.4656
P341 	  -3.3983 	  10.6717 	  0.2421 	  0.4319 	  0.3140 	  -7.8217  	  -0.1228 	  -0.9506 	  -2.0777 	  0.1366 	  0.0872 	  0.8271 	  0.1860 	  0.2806 	  -0.3628
P343 	  1.4132 	  9.8163 	  -10.5046 	  0.2652 	  -0.2465 	  -7.9710  	  0.0661 	  -0.1059 	  -2.6148 	  0.1193 	  0.0624 	  1.1819 	  -0.0919 	  0.0457 	  -0.4860
P344 	  -8.9505 	  8.5219 	  -7.3607 	  0.9867 	  0.8084 	  -8.3147  	  0.0977 	  -0.2377 	  -2.6281 	  -0.0228 	  0.0405 	  0.1924 	  -0.1208 	  -0.0547 	  0.0389
P345 	  -3.3995 	  7.7539 	  22.0337 	  0.5058 	  0.3578 	  -9.1877  	  -0.0488 	  -0.1799 	  -3.5626 	  -0.0740 	  0.0022 	  1.4914 	  -0.0855 	  0.0504 	  -0.5212
P346 	  -8.5771 	  7.0522 	  2.2771 	  -0.5260 	  -0.2344 	  -6.3256  	  0.9633 	  0.1411 	  -0.2141 	  0.1077 	  0.0917 	  0.5744 	  -0.3760 	  -0.0007 	  -0.6678
P347 	  -5.0413 	  5.1474 	  0.2303 	  -0.1540 	  -0.3819 	  -4.6616  	  0.1822 	  0.0211 	  -0.0607 	  -0.0735 	  0.0368 	  0.4896 	  -0.1351 	  0.0050 	  -0.8129
P348 	  -7.3007 	  5.3320 	  3.1024 	  -0.5212 	  -0.2097 	  -7.6184  	  0.3706 	  0.3629 	  -1.2017 	  0.0685 	  0.2316 	  0.4425 	  0.0475 	  0.0896 	  0.2126
P349 	  -2.0488 	  7.8872 	  -2.3247 	  -0.0306 	  0.3685 	  -9.8498  	  -0.5537 	  -0.4776 	  1.2783 	  -0.1110 	  -0.0453 	  0.7104 	  0.2155 	  0.2435 	  -0.5651
P350 	  -1.5691 	  -0.4792 	  -0.0571 	  -0.2759 	  0.8955 	  -6.2955  	  -0.1910 	  0.1234 	  -1.2157 	  -0.1524 	  -0.0283 	  1.1231 	  0.1128 	  -0.0563 	  -0.7197
P351 	  -1.1268 	  -0.4166 	  0.3328 	  -0.1061 	  0.3576 	  -5.1206  	  -0.2704 	  0.2638 	  0.5964 	  -0.1410 	  0.0387 	  0.5678 	  0.1306 	  -0.1233 	  -0.5182
P362 	  3.0269 	  10.5777 	  0.8666 	  2.1632 	  -0.5689 	  -4.8804  	  1.1112 	  0.1749 	  -2.0695 	  -0.2796 	  0.1044 	  0.8703 	  0.2131 	  -0.0665 	  -0.2880
P363 	  4.6828 	  10.8134 	  -5.7187 	  0.5477 	  -0.0131 	  -4.1397  	  0.2580 	  -0.3017 	  -0.8915 	  -0.1445 	  0.0667 	  0.4748 	  0.1136 	  0.1116 	  -0.7902
P364 	  6.3436 	  12.4063 	  0.8103 	  0.6595 	  -0.1252 	  -4.4196  	  0.2105 	  0.0548 	  -0.4636 	  -0.1248 	  0.0471 	  0.2096 	  0.0874 	  0.0642 	  -0.7362
P365 	  6.3301 	  10.7387 	  -1.1785 	  0.8039 	  -0.0367 	  -4.2260  	  0.8519 	  0.4971 	  -2.0397 	  -0.2856 	  0.0643 	  0.4107 	  0.0800 	  0.0625 	  -0.6912
P366 	  6.0997 	  10.2845 	  -8.3321 	  0.9815 	  -0.0918 	  -4.9737  	  0.4401 	  -0.2072 	  -1.1300 	  -0.1570 	  0.1015 	  0.4525 	  -0.0109 	  -0.0372 	  -0.3823
P367 	  9.8732 	  10.1973 	  -2.5854 	  0.7749 	  0.0381 	  -4.6349  	  0.3463 	  0.1798 	  -1.5864 	  -0.1808 	  0.0088 	  0.9054 	  0.0291 	  0.0709 	  -0.9942
P368 	  0.9392 	  11.3678 	  -12.8306 	  0.3904 	  -0.2012 	  -4.5901  	  0.4414 	  -0.6911 	  -0.4275 	  -0.1327 	  0.0389 	  0.6435 	  -0.3144 	  0.2293 	  -1.6810
P369 	  2.8493 	  9.3541 	  -1.6211 	  0.4408 	  -0.2133 	  -5.9274  	  -0.0489 	  0.0206 	  -1.7044 	  -0.0523 	  0.1500 	  0.4850 	  -0.0837 	  -0.0933 	  -0.0645
P370 	  1.2736 	  8.6939 	  -3.9725 	  0.1804 	  0.1418 	  -5.5421  	  -0.1540 	  -0.6777 	  0.5032 	  -0.0819 	  0.1099 	  0.7233 	  0.0220 	  0.2414 	  -1.5176
P371 	  2.4896 	  7.4474 	  3.3792 	  0.6148 	  -0.0641 	  -6.0271  	  0.1811 	  -0.0956 	  -1.5641 	  -0.0084 	  0.1213 	  1.5426 	  -0.0676 	  0.0980 	  -1.3028
P372 	  0.8177 	  0.4695 	  -0.0109 	  0.0369 	  -0.0997 	  -5.9512  	  -0.0214 	  0.1278 	  -0.0009 	  -0.1030 	  -0.0024 	  0.9270 	  -0.0370 	  0.1237 	  -1.3182
P373 	  3.5742 	  10.0397 	  -0.7279 	  0.6875 	  -0.6123 	  -5.5298  	  0.0404 	  -0.3915 	  -0.4157 	  -0.0820 	  0.0359 	  0.3328 	  -0.0406 	  0.0625 	  -0.6397
P374 	  4.7134 	  9.8901 	  -1.1940 	  0.4785 	  -0.1911 	  -5.0241  	  -0.0262 	  0.0173 	  -0.3119 	  -0.3047 	  -0.1497 	  0.8728 	  -0.0191 	  -0.0328 	  -1.1337
P375 	  5.6108 	  9.7488 	  -2.6855 	  0.8141 	  0.0162 	  -4.9072  	  0.3147 	  0.2333 	  -1.2572 	  -0.2252 	  0.0306 	  1.1410 	  0.1181 	  -0.0050 	  -1.4209
P376 	  6.2560 	  8.4140 	  0.2405 	  0.9255 	  0.2382 	  -5.9872  	  0.8750 	  0.5036 	  -1.9882 	  -0.1190 	  0.0202 	  1.1224 	  0.0117 	  0.0810 	  -1.0741
P377 	  4.1637 	  6.8597 	  -0.6021 	  0.3473 	  -0.0432 	  -5.2126  	  0.0098 	  -0.0068 	  0.5912 	  -0.1025 	  -0.0960 	  1.2990 	  0.0076 	  0.1758 	  -0.8483
P378 	  4.8574 	  6.4522 	  1.3125 	  0.0395 	  -0.1119 	  -5.2670  	  0.0057 	  0.0258 	  -0.8701 	  -0.0256 	  0.0583 	  1.4464 	  -0.0501 	  0.0658 	  -0.7439
P379 	  3.5204 	  5.5118 	  -0.3877 	  0.9014 	  0.2307 	  -5.4740  	  0.2228 	  0.2041 	  0.9798 	  -0.1057 	  0.1165 	  1.2846 	  0.0270 	  -0.0249 	  -0.5609
P380 	  -2.3837 	  5.0360 	  -0.8496 	  -1.0778 	  -0.0999 	  -3.5649  	  0.0188 	  -0.2932 	  -0.2323 	  -0.0398 	  0.1100 	  0.0946 	  -0.2065 	  0.1061 	  -0.4193
P381 	  -1.1185 	  2.7401 	  0.3480 	  0.2009 	  0.0734 	  -4.6996  	  0.0457 	  0.0004 	  -0.7368 	  -0.1190 	  0.0795 	  0.6336 	  0.0605 	  0.0561 	  -0.8382
P382 	  -0.6909 	  4.7969 	  -1.7254 	  0.0953 	  0.3800 	  -6.3063  	  0.2359 	  0.1227 	  -0.3394 	  0.0153 	  -0.0903 	  -0.2285 	  -0.0124 	  0.0738 	  -1.1793
P383 	  2.0434 	  4.4840 	  1.6537 	  0.3043 	  0.0772 	  -5.5982  	  0.3187 	  0.2753 	  -1.0747 	  -0.0343 	  0.0554 	  0.9749 	  0.0729 	  0.1548 	  -0.8647
P384 	  3.7318 	  5.2767 	  0.1125 	  -0.3866 	  0.0738 	  -7.0114  	  0.1779 	  0.5078 	  -1.8256 	  0.0697 	  0.0082 	  1.4094 	  0.0617 	  0.1360 	  -1.1061
P385 	  2.2714 	  3.6880 	  2.9092 	  0.3136 	  -0.4087 	  -6.4756  	  -0.1593 	  -0.0671 	  0.0784 	  -0.1867 	  0.0774 	  0.5343 	  -0.1322 	  0.1534 	  -0.6629
P386 	  -0.1840 	  1.3720 	  0.6814 	  0.1984 	  0.0826 	  -5.5240  	  0.0714 	  -0.1497 	  -0.1636 	  -0.0861 	  0.0061 	  0.7014 	  -0.0421 	  0.2234 	  -1.0361
P387 	  1.2380 	  3.9459 	  -0.8972 	  -0.0847 	  0.0738 	  -5.6265  	  0.3570 	  0.0816 	  -0.1532 	  -0.0648 	  -0.0634 	  0.3949 	  -0.1287 	  -0.0054 	  -1.1418
P388 	  -2.4084 	  3.5486 	  0.0062 	  -0.4693 	  0.0085 	  -5.2829  	  -0.1400 	  -0.2770 	  -1.4081 	  -0.1118 	  -0.0552 	  0.6457 	  0.0339 	  0.1988 	  -0.6783
P389 	  -0.0423 	  2.9858 	  -0.2031 	  0.0996 	  0.0757 	  -4.7249  	  0.2050 	  -0.1737 	  -0.3847 	  -0.0829 	  0.1561 	  0.5606 	  0.0106 	  0.1202 	  -0.5945
P390 	  -1.2959 	  1.8053 	  0.7933 	  -0.4433 	  -0.0769 	  -4.4049  	  0.2926 	  -0.0177 	  -1.0597 	  -0.1188 	  0.1089 	  0.4756 	  -0.1312 	  0.0680 	  -0.7314
P391 	  -1.9530 	  1.6478 	  -0.5083 	  0.2568 	  0.3741 	  -3.8033  	  0.3234 	  -0.0163 	  -0.9429 	  -0.1942 	  0.0466 	  0.6307 	  0.0061 	  0.1077 	  -0.7114
P392 	  -1.2636 	  1.3970 	  -0.2007 	  0.2525 	  -0.0451 	  -4.3846  	  0.0796 	  -0.0326 	  -0.8912 	  -0.1937 	  0.0665 	  0.7156 	  -0.0935 	  0.1132 	  -0.5435
P393 	  -1.2436 	  0.9696 	  -0.0541 	  0.2274 	  0.1236 	  -4.5715  	  0.0783 	  -0.1289 	  -1.1711 	  -0.1003 	  0.0811 	  0.4893 	  -0.0553 	  0.1464 	  -0.7918
P394 	  0.4325 	  0.7525 	  0.0793 	  0.1433 	  0.3095 	  -5.1776  	  0.1155 	  0.1014 	  0.0621 	  -0.0993 	  -0.0258 	  0.6161 	  0.0264 	  0.0757 	  -1.0516
P395 	  9.3448 	  9.6984 	  -1.5358 	  0.5351 	  0.1287 	  -3.4942  	  0.4788 	  -0.1174 	  -0.8446 	  -0.2238 	  -0.0546 	  0.7231 	  0.1087 	  0.1221 	  -1.0305
P396 	  9.8925 	  9.5379 	  -1.2491 	  0.5986 	  -0.0325 	  -3.8696  	  0.3456 	  0.1771 	  -1.2005 	  -0.1268 	  0.1494 	  1.1480 	  0.1852 	  0.1087 	  -1.2629
P397 	  11.4397 	  9.0965 	  -0.8004 	  0.5753 	  0.1436 	  -4.7784  	  0.1746 	  -0.0009 	  -1.7933 	  -0.1413 	  -0.0024 	  1.2811 	  -0.0297 	  -0.0757 	  -1.2095
P398 	  11.2837 	  8.9149 	  -0.2526 	  0.7071 	  0.4369 	  -4.9511  	  -0.0383 	  -0.5742 	  -2.8958 	  -0.1226 	  -0.0301 	  1.8597 	  0.0937 	  -0.1567 	  -1.4084
P399 	  13.4722 	  8.5866 	  3.0928 	  0.3066 	  0.4314 	  -5.6398  	  0.1474 	  0.3861 	  -1.2264 	  -0.1011 	  -0.2577 	  1.8352 	  0.0784 	  -0.0513 	  -0.9945
P400 	  12.7312 	  8.9438 	  -2.8838 	  0.2596 	  0.2296 	  -1.2276  	  -0.7602 	  -0.9198 	  4.9860 	  -0.0067 	  0.0880 	  -0.6964 	  0.0385 	  -0.4526 	  -2.0065
P401 	  15.6994 	  9.7367 	  0.9979 	  0.5660 	  0.4012 	  -4.5980  	  0.2110 	  -0.1242 	  -2.5735 	  -0.1527 	  -0.0454 	  1.5193 	  0.0492 	  0.0385 	  -0.4900
P402 	  14.6544 	  9.3339 	  4.3323 	  0.5198 	  0.2218 	  -5.8246  	  0.2441 	  -0.0980 	  -1.3057 	  -0.1983 	  -0.0439 	  1.1808 	  -0.0012 	  0.1262 	  -0.7722
P403 	  14.7678 	  10.4953 	  -0.3366 	  0.0483 	  0.1246 	  -4.6840  	  -0.2716 	  -0.2400 	  -1.5679 	  -0.1032 	  -0.1076 	  1.8411 	  -0.1642 	  0.1102 	  -1.4602
P404 	  5.6942 	  9.6911 	  -0.3205 	  0.3687 	  -0.0599 	  -4.7568  	  0.4417 	  0.0266 	  -1.3636 	  -0.1559 	  0.0451 	  0.9279 	  -0.0292 	  0.0597 	  -0.8542
P405 	  9.2606 	  9.4957 	  -2.9792 	  0.5439 	  -0.1832 	  -4.7310  	  -0.1291 	  -1.0848 	  -2.1395 	  -0.1047 	  0.2061 	  1.6131 	  -0.0157 	  0.0304 	  -1.7728
P406 	  5.9615 	  8.6773 	  3.5423 	  -0.7683 	  -0.5153 	  -2.6878  	  0.1784 	  0.0924 	  -0.9726 	  -0.1616 	  -0.0307 	  1.6788 	  -0.2178 	  0.0409 	  -0.7544
P407 	  13.6176 	  8.7711 	  2.2753 	  0.0921 	  0.3072 	  -3.4913  	  0.2697 	  0.1174 	  -0.6482 	  0.0358 	  -0.0517 	  1.0187 	  -0.0110 	  -0.0633 	  -1.8122
P408 	  7.7234 	  9.1875 	  -2.3512 	  0.5150 	  0.1672 	  -5.5680  	  0.1457 	  0.0817 	  -0.4335 	  -0.1779 	  -0.0931 	  1.3023 	  0.0432 	  0.0746 	  -1.3438
P409 	  6.3736 	  8.7725 	  -4.1653 	  0.4882 	  0.1201 	  -6.3678  	  0.1067 	  -0.1400 	  -0.3910 	  -0.0757 	  -0.0097 	  2.0136 	  -0.0214 	  0.1237 	  -1.5365
P410 	  6.7961 	  9.0807 	  -2.3184 	  0.7588 	  -0.4011 	  -5.1748  	  0.4070 	  -0.1821 	  -1.0276 	  -0.2977 	  0.0893 	  1.3887 	  0.1465 	  -0.1793 	  -0.9878
P411 	  6.8242 	  8.3016 	  1.4598 	  0.7485 	  -0.1685 	  -4.9380  	  0.3976 	  0.0551 	  -1.0852 	  -0.0130 	  0.1935 	  1.3266 	  0.1150 	  0.0785 	  -1.2635
P412 	  5.6081 	  5.6951 	  -1.3001 	  0.5075 	  0.1473 	  -5.3048  	  0.3198 	  -0.1153 	  -1.2585 	  -0.1445 	  -0.0530 	  0.8440 	  0.0216 	  0.0766 	  -1.0616
P413 	  2.4712 	  1.3120 	  -0.2059 	  -0.4279 	  0.2492 	  -7.4553  	  0.1428 	  -0.2040 	  -0.1041 	  -0.0290 	  -0.0284 	  1.1362 	  0.0397 	  0.0465 	  -1.0800
P414 	  7.4066 	  6.4311 	  2.5388 	  0.2783 	  0.0861 	  -5.9348  	  0.1381 	  -0.0538 	  -0.8101 	  -0.1837 	  0.0437 	  1.3817 	  0.0409 	  0.1011 	  -1.2565
P415 	  11.7858 	  8.9589 	  -2.0477 	  0.6374 	  0.4691 	  -5.0422  	  0.1784 	  -0.0279 	  -1.1922 	  -0.0728 	  0.0988 	  1.5124 	  -0.0208 	  -0.1447 	  -0.9435
P416 	  3.4295 	  2.8290 	  0.0715 	  -0.0051 	  0.1384 	  -6.0857  	  0.1765 	  -0.9790 	  -2.2172 	  0.0981 	  0.2319 	  1.3350 	  -0.1090 	  0.3581 	  -0.3727
P417 	  7.8727 	  9.2480 	  -4.1703 	  0.4896 	  0.4121 	  -5.9594  	  0.4478 	  -0.0603 	  -2.3971 	  -0.1700 	  -0.0312 	  1.5723 	  -0.0006 	  -0.0649 	  -1.3134
P418 	  10.9513 	  8.6885 	  -5.5285 	  0.6827 	  0.4124 	  -5.6361  	  0.5487 	  -0.3618 	  -2.8978 	  -0.2042 	  -0.0345 	  1.7896 	  0.2375 	  -0.0749 	  -1.2166
P419 	  10.8931 	  8.0118 	  -5.7599 	  0.4934 	  -0.0250 	  -6.9732  	  0.5208 	  -0.4627 	  -1.8899 	  -0.2389 	  -0.0487 	  1.9842 	  0.1408 	  -0.1860 	  -1.0494
P420 	  7.6663 	  8.8725 	  1.3298 	  0.2542 	  -0.1472 	  -5.1841  	  0.1230 	  -0.1308 	  -0.9070 	  -0.1143 	  0.0897 	  1.5762 	  0.0149 	  -0.0184 	  -1.3092
P421 	  8.0774 	  6.5114 	  0.1367 	  0.3320 	  0.0985 	  -6.2022  	  -0.0531 	  -0.4898 	  0.1951 	  -0.0833 	  0.0853 	  1.1717 	  0.0556 	  0.0309 	  -1.6821
P422 	  1.2696 	  0.1425 	  -0.3007 	  -0.1329 	  0.1644 	  -6.2923  	  0.0956 	  -0.2113 	  -0.6215 	  -0.0250 	  0.0830 	  0.9691 	  -0.0037 	  0.1192 	  -1.3357
P423 	  6.5862 	  7.7543 	  -0.8033 	  -0.0351 	  0.3945 	  -6.7393  	  0.2142 	  -0.2714 	  -2.5268 	  -0.2286 	  -0.0806 	  1.8979 	  0.0325 	  -0.0304 	  -1.6260
P424 	  9.5728 	  7.1710 	  3.1496 	  0.4685 	  0.6000 	  -5.1633  	  -0.7769 	  -0.1904 	  -3.0888 	  -0.0853 	  -0.0869 	  1.0230 	  0.1731 	  0.0847 	  -0.0784
P425 	  7.7206 	  7.4059 	  -1.3089 	  0.1678 	  -0.1673 	  -5.3434  	  0.0752 	  -0.2504 	  -1.3004 	  -0.1376 	  0.0767 	  1.3854 	  0.0863 	  -0.1425 	  -1.5881
P426 	  9.3095 	  6.7744 	  -0.1328 	  0.1596 	  0.2809 	  -5.2459  	  -0.1201 	  0.1805 	  -1.9979 	  -0.2114 	  -0.2187 	  0.8591 	  0.0105 	  -0.1143 	  -1.0170
P427 	  4.9171 	  5.2029 	  -1.4923 	  0.6063 	  -0.0251 	  -3.9711  	  0.3123 	  -0.0377 	  -0.1867 	  -0.1767 	  0.0855 	  0.6112 	  -0.0129 	  0.0015 	  -0.7238
P429 	  3.1084 	  3.9405 	  -0.8315 	  -0.0496 	  0.2527 	  -7.2695  	  -0.1072 	  0.3314 	  -1.4491 	  0.0341 	  -0.1046 	  1.3505 	  -0.0555 	  0.0361 	  -1.4987
P430 	  13.1846 	  8.6617 	  -5.1441 	  0.0174 	  0.0947 	  -5.5368  	  -0.4367 	  -0.1334 	  -2.0730 	  0.0309 	  -0.0388 	  2.0099 	  0.2471 	  0.1847 	  -0.8099
P431 	  5.8963 	  5.1436 	  0.6358 	  -0.1413 	  -0.3196 	  -7.2288  	  0.2938 	  -0.0478 	  -1.6113 	  -0.0730 	  0.0940 	  1.4982 	  -0.1376 	  -0.1009 	  -0.8204
P432 	  3.9813 	  3.7145 	  2.2478 	  0.3209 	  0.2364 	  -6.7853  	  -0.2379 	  -0.1743 	  -0.6113 	  -0.0968 	  -0.0537 	  1.1781 	  0.1004 	  -0.1166 	  -0.9776
P433 	  0.1864 	  1.6403 	  0.2581 	  -0.4976 	  -0.0250 	  -5.0674  	  -0.0398 	  0.2926 	  -1.0710 	  -0.0486 	  -0.0214 	  0.6565 	  -0.0567 	  0.0257 	  -1.0628
P434 	  3.2244 	  1.9755 	  -0.4644 	  -0.2290 	  1.4758 	  -9.3140  	  -0.1980 	  0.3820 	  -2.1246 	  0.0477 	  -0.2254 	  1.2805 	  0.1652 	  0.2471 	  0.1971
P435 	  11.8576 	  8.1114 	  -7.4762 	  0.2261 	  0.7121 	  -5.9002  	  -0.2452 	  -0.7796 	  -0.4658 	  -0.1342 	  0.1120 	  0.9114 	  0.2117 	  0.5330 	  -1.3496
P436 	  10.0900 	  8.0910 	  0.1544 	  0.2952 	  0.1123 	  -5.2388  	  -0.1377 	  0.0757 	  -0.1285 	  -0.2198 	  -0.1606 	  0.9285 	  0.0865 	  0.0083 	  -1.1615
P437 	  9.5574 	  4.3558 	  5.0778 	  0.0336 	  0.4282 	  -7.9283  	  0.0051 	  0.1371 	  -0.8448 	  -0.1446 	  -0.0776 	  1.6757 	  0.0409 	  -0.2502 	  -1.5232
P438 	  10.3452 	  6.6487 	  0.1123 	  0.3244 	  0.1833 	  -5.2545  	  -0.3616 	  0.0830 	  -1.2656 	  -0.1263 	  -0.2260 	  1.2118 	  -0.0193 	  0.0030 	  -1.3532
P439 	  9.5865 	  6.3575 	  5.3035 	  0.2072 	  0.5917 	  -5.3533  	  0.3032 	  -0.1576 	  -2.3383 	  -0.0421 	  -0.1615 	  1.1616 	  0.0397 	  0.0960 	  -1.3702
P440 	  4.6321 	  3.4874 	  -3.1545 	  0.5557 	  0.7103 	  -6.3236  	  -0.2449 	  -0.2774 	  0.0249 	  -0.0237 	  0.0055 	  1.7012 	  0.1030 	  0.0581 	  -1.4131
P441 	  3.0394 	  2.0482 	  2.1004 	  0.2318 	  0.3844 	  -7.4230  	  -0.3676 	  0.1014 	  -0.7800 	  0.0283 	  0.1114 	  1.7722 	  0.1808 	  0.1069 	  -0.8069
P442 	  3.4667 	  1.7370 	  2.7764 	  0.1804 	  0.0208 	  -0.5323  	  -0.2446 	  -0.4268 	  1.0879 	  -0.1047 	  -0.0267 	  1.9100 	  -0.0492 	  0.0563 	  -0.2543
P443 	  2.8245 	  2.4193 	  3.6364 	  0.4968 	  -0.5755 	  -7.1645  	  -0.1700 	  -1.1640 	  -1.4798 	  -0.0418 	  0.1198 	  2.2133 	  0.1791 	  0.2642 	  -1.1115
P444 	  3.2137 	  1.6572 	  1.5792 	  -0.2949 	  -0.1330 	  -8.5887  	  -0.2452 	  -1.0723 	  -1.6714 	  0.0176 	  0.0396 	  1.6506 	  -0.1940 	  0.4505 	  -1.9272
P445 	  1.7762 	  2.6574 	  -2.8607 	  -0.2073 	  0.1527 	  -6.2285  	  0.1887 	  -0.0819 	  -2.3344 	  -0.0917 	  0.0452 	  0.6568 	  -0.0217 	  0.0710 	  -0.7528
P446 	  7.5059 	  7.9943 	  -3.6358 	  0.1350 	  0.0087 	  -4.4925  	  0.3237 	  -0.0434 	  -0.9703 	  -0.1646 	  -0.0329 	  0.8220 	  -0.0440 	  0.0069 	  -0.7509
P447 	  0.9657 	  1.3322 	  -1.4428 	  -0.0678 	  0.1287 	  -5.3743  	  -0.2081 	  0.0041 	  -2.0229 	  -0.1178 	  -0.0312 	  1.0620 	  -0.0511 	  0.0606 	  -0.7298
P448 	  1.7996 	  1.4744 	  -2.1929 	  -0.2656 	  0.3133 	  -4.8939  	  0.2618 	  0.0462 	  -1.8096 	  -0.1126 	  -0.0385 	  0.9084 	  -0.0689 	  0.1196 	  -1.1018
P449 	  1.5483 	  1.4289 	  -0.8853 	  -0.2151 	  0.2026 	  -4.6874  	  0.1235 	  -0.1792 	  -1.0690 	  -0.1028 	  -0.0077 	  1.0956 	  -0.0582 	  0.1275 	  -1.0803
P450 	  1.3883 	  1.6199 	  -0.6508 	  0.0440 	  0.3853 	  -4.7594  	  0.0062 	  0.0426 	  -1.1062 	  -0.1108 	  0.0651 	  0.7871 	  -0.0851 	  0.0502 	  -0.7696
P451 	  1.6069 	  1.0725 	  -0.9242 	  -0.4181 	  -0.2356 	  -5.4979  	  -0.1692 	  -0.0236 	  -2.5057 	  -0.0324 	  0.1109 	  1.0538 	  -0.0084 	  0.0706 	  -0.8516
P452 	  1.5453 	  0.8567 	  1.0945 	  -0.1715 	  0.2499 	  -4.9545  	  0.1150 	  -0.1929 	  -1.1119 	  -0.0778 	  0.0292 	  0.9528 	  0.0633 	  0.0169 	  -1.2659
P453 	  1.5551 	  0.5130 	  1.4260 	  -0.1463 	  0.2606 	  -5.2407  	  -0.1392 	  0.0205 	  -1.2831 	  -0.0656 	  0.1278 	  0.6659 	  0.0161 	  0.2806 	  -1.6559
P454 	  1.7405 	  0.8905 	  -0.6081 	  -0.4115 	  0.3764 	  -5.1522  	  0.0193 	  0.0623 	  -1.1976 	  0.0812 	  -0.0109 	  0.5008 	  0.1691 	  0.0877 	  -1.9986
P655 	  -3.5790 	  5.6839 	  -1.1071 	  0.4965 	  -0.3464 	  -5.0167  	  0.0647 	  -0.4190 	  -1.9839 	  -0.0709 	  0.1366 	  0.1904 	  0.0928 	  0.1368 	  -1.2831
P657 	  -1.1053 	  6.5210 	  0.2366 	  0.3597 	  -0.4091 	  -8.7454  	  -0.4727 	  0.1687 	  1.9333 	  -0.1112 	  -0.0087 	  0.9444 	  0.0186 	  0.2258 	  -1.1040
P663 	  -4.5755 	  6.5952 	  7.4962 	  0.3522 	  -0.1484 	  -5.3219  	  -0.3149 	  -0.0319 	  -0.5645 	  -0.0064 	  0.1177 	  0.6486 	  -0.0718 	  -0.0824 	  -0.3350
P674 	  -5.1696 	  4.6784 	  1.2403 	  -0.1072 	  -0.2304 	  -6.3468  	  0.0908 	  0.0516 	  -0.7519 	  -0.0041 	  0.0624 	  0.9326 	  -0.0194 	  0.0205 	  0.3255
P687 	  7.1996 	  6.0179 	  -0.9108 	  0.2521 	  0.1067 	  -6.3161  	  0.2211 	  -0.5086 	  -0.8206 	  -0.0673 	  0.2357 	  1.9289 	  0.1281 	  0.2794 	  -1.1703
P689 	  5.7879 	  5.1056 	  3.7403 	  0.3050 	  0.3779 	  -6.5713  	  0.5667 	  0.0431 	  -1.0416 	  -0.1935 	  0.0490 	  1.9634 	  0.0214 	  -0.0641 	  -1.0704
P691 	  5.2623 	  5.6904 	  1.9158 	  -0.2805 	  -0.6482 	  -5.7887  	  0.0832 	  -0.3516 	  -0.9387 	  -0.0566 	  0.1514 	  1.5112 	  -0.2500 	  -0.0883 	  -1.1743
P698 	  5.3730 	  1.8918 	  3.4607 	  1.3780 	  -0.6346 	  -7.6831  	  1.1583 	  -0.6032 	  -0.0487 	  -0.2452 	  -0.4982 	  2.5584 	  -0.0221 	  -0.2357 	  -1.3906
P700 	  5.6854 	  4.5119 	  0.1719 	  0.8792 	  0.3873 	  -8.7241  	  -0.1530 	  -0.6197 	  0.3569 	  -0.3993 	  -0.1609 	  1.9438 	  -0.0174 	  -0.0297 	  -1.0853
P701 	  8.8677 	  6.3278 	  3.3835 	  -0.4957 	  -0.7200 	  -6.6049  	  0.8030 	  0.3711 	  0.4706 	  0.3411 	  0.2262 	  1.3323 	  0.2833 	  -0.4685 	  -0.4660
P705 	  5.8095 	  5.2868 	  1.3020 	  0.0661 	  0.1774 	  -6.3809  	  0.5003 	  -0.1590 	  -1.7324 	  -0.0508 	  -0.0172 	  1.5041 	  0.0937 	  -0.0292 	  -1.1522
P730 	  -4.8268 	  4.5489 	  -0.1322 	  -0.0626 	  -0.0675 	  -6.4494  	  0.1629 	  -0.1210 	  -1.2505 	  -0.1880 	  0.0348 	  0.9899 	  -0.0798 	  0.1019 	  -0.0420
P731 	  -4.5141 	  4.5108 	  -0.2739 	  0.0465 	  -0.1269 	  -3.5832  	  0.2696 	  -0.0231 	  -0.0913 	  -0.1931 	  0.0289 	  0.1519 	  0.0045 	  0.0722 	  -0.5641
P732 	  4.4619 	  9.2392 	  -4.8686 	  0.8756 	  0.0511 	  -4.3621  	  0.3215 	  0.0468 	  -1.7687 	  -0.2835 	  0.1190 	  0.4657 	  0.0912 	  -0.0172 	  -0.7312
P733 	  4.6741 	  11.8187 	  0.9257 	  0.8829 	  -0.0138 	  -3.8619  	  0.1575 	  0.1270 	  -0.6266 	  -0.0356 	  0.0544 	  0.6288 	  0.0374 	  0.0108 	  -0.4973
P734 	  3.0944 	  11.2686 	  2.4905 	  0.6701 	  0.1024 	  -3.7244  	  0.0898 	  0.1189 	  -0.0686 	  -0.0721 	  -0.1247 	  0.2902 	  0.0896 	  0.0374 	  -0.6831
P735 	  0.2756 	  8.8269 	  -3.3767 	  0.3429 	  0.0327 	  -4.4723  	  0.2420 	  0.5497 	  -1.7313 	  -0.0976 	  -0.0337 	  2.0194 	  0.1722 	  0.1991 	  -1.0926
P736 	  -1.6081 	  5.1068 	  2.3348 	  0.0080 	  0.0994 	  -4.8278  	  0.1102 	  -0.2847 	  0.6724 	  -0.0541 	  0.0231 	  0.1662 	  -0.0952 	  0.1470 	  -1.3059
P737 	  -1.4711 	  6.0499 	  -2.4830 	  -0.4965 	  -0.1185 	  -6.0588  	  -0.4943 	  -0.0278 	  0.8802 	  0.3562 	  0.0227 	  0.7992 	  -0.2429 	  0.0921 	  -1.0789
P738 	  -2.2107 	  2.7240 	  -0.0567 	  -0.1164 	  0.0730 	  -4.2728  	  -0.0193 	  -0.0949 	  -1.2269 	  0.0094 	  0.0812 	  0.8265 	  0.1198 	  0.1551 	  -0.7765
P739 	  -2.4210 	  1.1591 	  0.1916 	  0.8709 	  0.5759 	  -3.2951  	  0.1383 	  -0.0185 	  -1.1332 	  -0.2178 	  0.0132 	  0.2592 	  -0.0274 	  0.0461 	  -0.5075
P784 	  -3.0981 	  5.7833 	  -2.6630 	  -1.1194 	  0.0588 	  -5.7693  	  -0.4376 	  -0.3486 	  -0.6960 	  0.1380 	  0.1172 	  0.4449 	  0.1735 	  -0.1015 	  -0.7941
P786 	  3.6308 	  11.4598 	  0.3475 	  0.7831 	  0.3231 	  -5.2119  	  0.1711 	  -0.1701 	  -0.3461 	  -0.1106 	  -0.1270 	  0.4270 	  0.0623 	  0.0235 	  -0.7646
P793 	  -3.7788 	  10.9948 	  -4.2110 	  0.8470 	  0.2613 	  -5.7529  	  -0.1735 	  -0.3544 	  -0.3010 	  -0.0196 	  0.2587 	  0.0661 	  0.1509 	  0.1065 	  -1.7118
P813 	  1.6384 	  0.4858 	  -1.1663 	  -0.2208 	  0.1867 	  -5.2673  	  -0.0139 	  -0.0190 	  -1.6911 	  -0.0481 	  0.0250 	  1.0039 	  -0.0419 	  0.1120 	  -0.7875
P814 	  1.4171 	  0.3312 	  -1.3800 	  -0.2842 	  0.4350 	  -5.5410  	  -0.4793 	  -0.2675 	  -1.6795 	  0.0023 	  0.1063 	  1.0095 	  -0.0033 	  0.2949 	  -0.9724
P815 	  15.9500 	  9.7408 	  0.7731 	  0.2867 	  0.1888 	  -4.7383  	  0.2286 	  -0.1856 	  -2.0030 	  -0.1026 	  -0.0177 	  1.9781 	  0.0077 	  0.0284 	  0.0491
P816 	  15.7133 	  9.7641 	  1.0533 	  0.4850 	  0.3095 	  -4.9656  	  0.4283 	  -0.0937 	  -2.2494 	  -0.1301 	  0.0567 	  1.3843 	  -0.0931 	  0.0037 	  0.3062
PABH 	  14.9452 	  11.4333 	  0.2655 	  0.6637 	  0.3378 	  -4.7168  	  0.1595 	  -0.0886 	  -1.5064 	  -0.1775 	  0.0156 	  1.1755 	  0.0464 	  0.0614 	  -0.4884
PCOL 	  8.7481 	  5.1926 	  7.4322 	  -1.7340 	  0.6233 	  -3.9512  	  -1.2734 	  -0.1959 	  0.0676 	  0.8824 	  -0.0569 	  1.5696 	  -0.2307 	  0.0491 	  -2.3277
PMAR 	  2.2870 	  2.4717 	  0.4866 	  -1.5387 	  0.1585 	  -8.0477  	  0.2450 	  -1.0071 	  0.6218 	  0.3906 	  0.4125 	  0.8769 	  0.0911 	  -0.2190 	  -0.5470
PTSG 	  3.2777 	  11.9941 	  2.3936 	  0.8075 	  0.0147 	  -3.6796  	  0.0706 	  0.0812 	  -1.0107 	  -0.1196 	  -0.0009 	  0.5333 	  0.1499 	  0.0862 	  -0.4709
PUPU 	  6.1927 	  4.3799 	  1.5845 	  0.2209 	  -0.2170 	  -7.8019  	  -0.1394 	  0.2979 	  0.0335 	  -0.2124 	  -0.1158 	  3.0255 	  0.0591 	  -0.0489 	  -1.7310
QUIN 	  -7.7085 	  6.6287 	  -2.5079 	  -1.8443 	  -0.8402 	  -5.7300  	  0.1427 	  -0.1680 	  1.2873 	  -0.1645 	  -0.1295 	  0.4210 	  -0.3638 	  0.0621 	  -0.4725
REDM 	  0.6544 	  3.3438 	  -1.1316 	  -0.1620 	  0.1978 	  -4.7574  	  0.2637 	  0.1960 	  -0.2160 	  -0.0841 	  0.0117 	  0.6264 	  -0.0005 	  0.1363 	  -0.8645
SC00 	  1.7930 	  1.8594 	  -1.9629 	  -0.2966 	  0.1387 	  -5.5288  	  0.1362 	  0.0793 	  -2.2213 	  -0.0005 	  -0.0060 	  1.4196 	  -0.0104 	  -0.0406 	  -1.2543
SC02 	  10.8535 	  6.7258 	  3.9436 	  -0.0104 	  0.6183 	  -5.3330  	  -0.2634 	  -0.0565 	  -1.8590 	  -0.0109 	  -0.1596 	  0.9542 	  0.1263 	  0.0269 	  -0.9442
SC03 	  12.7552 	  11.2636 	  2.3434 	  1.2436 	  -2.2617 	  -8.6335  	  0.2878 	  0.8442 	  0.2330 	  -0.3268 	  0.7230 	  2.2902 	  -0.1227 	  -0.6535 	  -1.1896
SC04 	  10.3369 	  5.9605 	  6.0334 	  0.5765 	  0.7667 	  -7.6064  	  1.0162 	  0.2482 	  -2.0983 	  -0.1777 	  -0.0957 	  1.7328 	  -0.0369 	  0.0546 	  -1.0215
SEAT 	  7.8273 	  5.3836 	  1.0893 	  0.0298 	  0.5890 	  -8.8943  	  0.2683 	  0.2771 	  -2.2825 	  -0.0662 	  -0.0695 	  1.8012 	  0.0189 	  0.0468 	  -1.3402
SEDR 	  4.3668 	  3.6722 	  -2.9881 	  0.6241 	  0.7837 	  -6.2826  	  -0.2199 	  -0.5500 	  0.1237 	  -0.1417 	  -0.0780 	  1.5322 	  0.1773 	  0.2033 	  -0.9627
SHIN 	  -5.2728 	  4.8297 	  0.3221 	  -0.1913 	  -0.4403 	  -5.0543  	  0.1870 	  -0.0986 	  -1.0741 	  -0.0810 	  0.0587 	  0.2270 	  -0.0210 	  0.0211 	  -0.6924
SHLD 	  -2.7532 	  2.5053 	  -0.0927 	  0.0435 	  0.0888 	  -3.7871  	  -0.0792 	  -0.2184 	  -1.0026 	  -0.1578 	  0.0317 	  0.3219 	  -0.0234 	  0.0912 	  -0.7477
TPW2 	  11.5818 	  9.0377 	  -1.8994 	  1.0578 	  0.4071 	  -4.7033  	  0.7312 	  2.1216 	  -1.6480 	  -0.3197 	  -0.2343 	  1.4658 	  -0.1854 	  0.0822 	  -0.8570
TRND 	  1.5182 	  15.6526 	  -1.6526 	  1.5130 	  0.1450 	  -5.5571  	  0.2451 	  -0.0038 	  -0.4441 	  0.0084 	  0.1800 	  -0.0684 	  0.0197 	  0.0137 	  0.2935
TWHL 	  7.9254 	  8.7717 	  0.9207 	  0.3139 	  0.2305 	  -7.0518  	  -0.0994 	  -0.0920 	  -0.5065 	  -0.0694 	  0.0897 	  1.6519 	  -0.0152 	  -0.2129 	  -2.0099
UCLU 	  14.1652 	  9.0043 	  1.2549 	  0.6425 	  0.4472 	  -4.7800  	  0.4120 	  0.0058 	  -0.4936 	  -0.1681 	  -0.0603 	  1.1053 	  -0.0003 	  -0.0820 	  -0.5556
WILL 	  0.6354 	  0.2087 	  1.6685 	  -0.0236 	  -0.0417 	  -6.1397  	  0.1812 	  -0.1202 	  -1.3785 	  -0.1405 	  0.2702 	  0.6752 	  -0.3018 	  -0.0063 	  -0.9220
WSLR 	  4.7232 	  1.3381 	  6.2458 	  -0.6853 	  -0.9209 	  -9.8326  	  -0.5723 	  -1.5335 	  3.3378 	  0.1673 	  -0.2795 	  0.9496 	  -0.8279 	  -0.8214 	  -0.3545
